0.534861
0.701293
0.769204
0.800961
0.818452
0.828385
0.834566
0.839364
0.843335
0.844358
0.847257
0.848551
0.851452
0.852613
0.852959
0.851712
0.853192
0.853156
0.854172
0.855966
0.856126
0.857512
0.858256
0.858806
0.857827
0.858800
0.859922
0.858605
0.860546
0.859072
0.860628
0.858424
0.859702
0.858738
0.859947
0.861382
0.858762
0.859485
0.860033
0.859875
0.861923
0.860852
0.861210
0.860561
0.860496
0.860223
0.859947
0.861019
0.860060
0.860892
0.859769
0.859889
0.860270
0.860520
0.860283
0.860379
0.860645
0.861019
0.860499
0.859996
0.861251
0.860314
0.861004
0.861043
0.861140
0.860471
0.860564
0.860531
0.861067
0.861126
0.862436
0.861717
0.863394
0.862017
0.860432
0.858672
0.860368
0.861977
0.862140
0.861723
0.862665
0.859554
0.861527
0.859325
0.860986
0.861925
0.862645
0.862214
0.862288
0.862131
0.861309
0.860573
0.859689
0.860868
0.861709
0.861099
0.862017
0.860568
0.859875
0.861653
0.859790
0.861331
0.860943
0.862061
0.860223
0.861855
0.860766
0.861761
0.860299
0.861110
0.860246
0.861316
0.860136
0.861349
0.861055
0.859352
0.860864
0.859972
0.861391
0.862743
0.860721
0.862373
0.860716
0.862181
0.860478
0.861409
0.860773
0.860352
0.860890
0.861173
0.860091
0.859221
0.861200
0.858454
0.860345
0.859428
0.861004
0.861043
0.861343
0.860433
0.860544
0.861132
0.859002
0.859653
0.859543
0.860778
0.859949
0.859700
0.860233
0.860690
0.860654
0.862068
0.862039
0.860749
0.862157
0.861914
0.861563
0.862760
0.861053
0.860129
0.860981
0.859730
0.861854
0.860324
0.861991
0.860951
0.860852
0.861566
0.862413
0.860958
0.861110
0.860169
0.859870
0.861309
0.861659
0.861838
0.860089
0.861147
0.861784
0.863003
0.861371
0.861664
0.862857
0.860349
0.862988
0.861218
0.861839
0.861741
0.861040
0.860072
0.860062
0.859803
0.861456
0.860917
0.860308
0.860279
0.859670
0.860288
0.860130
0.859587
0.860146
0.861762
0.858871
0.860679
0.861520
0.861377
0.860297
0.862529
0.860916
0.860013
0.860322
0.860554
0.860646
0.861134
0.860596
0.862086
0.862065
0.860003
0.861131
0.860110
0.860278
0.859876
0.861763
0.862793
0.860199
0.862167
0.860232
0.859770
0.861889
0.859727
0.862288
0.862686
0.860211
0.859742
0.861075
0.861359
0.860818
0.860548
0.860884
0.861652
0.862406
0.861836
0.862391
0.862936
0.861326
0.861638
0.864496
0.861749
0.860763
0.860468
0.859960
0.859502
0.860571
0.861622
0.859285
0.859942
0.858676
0.859461
0.859047
0.861581
0.859773
0.859598
0.860993
0.860246
0.860275
0.861699
0.859851
0.858941
0.863566
0.861201
0.859566
0.860702
0.860625
0.861671
0.860408
0.860596
0.860434
0.861161
0.859941
0.861353
0.862103
0.860820
0.860201
0.862286
0.861145
0.859878
0.862191
0.859059
0.861067
0.861605
0.861357
0.860955
0.861364
0.860563
0.859584
0.860239
0.859006
0.859790
0.860284
0.861383
0.859715
0.859668
0.861519
0.861581
0.862376
0.861617
0.862140
0.861063
0.861639
0.860530
0.859470
0.861020
0.859475
0.858247
0.858722
0.860569
0.859030
0.860492
0.861081
0.860370
0.861649
0.861202
0.860459
0.859572
0.860816
0.860626
0.860300
0.859512
0.858606
0.859873
0.859233
0.861166
0.861432
0.860445
0.861547
0.859705
0.861337
0.862777
0.862023
0.859830
0.859554
0.860925
0.860522
0.861931
0.861197
0.862292
0.860598
0.861389
0.861115
0.862961
0.861816
0.861298
0.858533
0.861169
0.861771
0.860480
0.859623
0.859048
0.861034
0.863570
0.862047
0.862579
0.860869
0.861607
0.861526
0.860099
0.859382
0.861332
0.860704
0.860770
0.860545
0.860782
0.861380
0.859347
0.859853
0.862292
0.861985
0.863064
0.862271
0.862043
0.860809
0.860798
0.860360
0.860052
0.860074
0.860473
0.860525
0.860801
0.862157
0.860778
0.860322
0.861422
0.859583
0.862652
0.861151
0.861329
0.862077
0.858504
0.860972
0.860332
0.861377
0.860536
0.860596
0.861483
0.860230
0.860393
0.859146
0.858586
0.861115
0.859136
0.861751
0.862384
0.861955
0.860969
0.861351
0.861772
0.860517
0.861452
0.860718
0.860367
0.858850
0.862245
0.861233
0.859672
0.860284
0.860430
0.861325
0.860997
0.861115
0.859744
0.860694
0.860596
0.861014
0.861230
0.859991
0.859594
0.860675
0.859965
0.861971
0.860496
0.859922
0.859535
0.861162
0.864524
0.861962
0.860931
0.862728
0.861186
0.861172
0.859996
0.860799
0.861302
0.861117
0.861063
0.860630
0.860341
0.860630
0.861869
0.860421
0.859427
0.862429
0.861308
0.863037
0.861005
0.859256
0.860837
0.861246
0.862359
0.861334
0.858687
0.860075
0.860308
0.861619
0.860888
0.860085
0.860614
0.863168
0.861374
0.861526
0.860032
0.860137
0.859717
0.860451
0.859603
0.859510
0.860322
0.862278
0.860671
0.859976
0.860894
0.859457
0.861219
0.861408
0.859191
0.861371
0.860477
0.859191
0.860127
0.859075
0.858766
0.860201
0.861819
0.861986
0.860407
0.860507
0.861362
0.861513
0.861782
0.860329
0.859804
0.860777
0.860503
0.860660
0.859617
0.860897
0.861537
0.861415
0.860504
0.860290
0.859126
0.860480
0.861710
0.861197
0.861157
0.861573
0.861673
0.861423
0.859548
0.861059
0.860997
0.859855
0.858423
0.858885
0.858985
0.859723
0.859868
0.859817
0.860653
0.860989
0.859751
0.859336
0.860999
0.861981
0.859517
0.861674
0.861770
0.862669
0.862088
0.861506
0.861158
0.861065
0.860871
0.861895
0.862560
0.861317
0.861788
0.861632
0.862815
0.860990
0.861786
0.861043
0.859016
0.860669
0.861981
0.861038
0.859569
0.859946
0.859748
0.860911
0.860794
0.860560
0.860354
0.860069
0.860695
0.862221
0.861855
0.860611
0.862414
0.860377
0.860020
0.862248
0.859624
0.860716
0.860979
0.862283
0.861057
0.860972
0.859501
0.860940
0.861195
0.861642
0.861411
0.859631
0.862318
0.862020
0.861281
0.861266
0.864075
0.861368
0.863615
0.859921
0.860533
0.860519
0.859703
0.860468
0.859702
0.861895
0.861150
0.861021
0.860024
0.861058
0.859656
0.861449
0.859559
0.858465
0.861501
0.859585
0.860036
0.861808
0.859902
0.862089
0.861677
0.859879
0.860389
0.861661
0.860121
0.859933
0.858994
0.860044
0.860605
0.859655
0.861397
0.861142
0.858845
0.859974
0.858489
0.862285
0.861404
0.860868
0.861243
0.860465
0.859325
0.859009
0.860200
0.860422
0.860921
0.860621
0.859029
0.859540
0.859293
0.861105
0.862308
0.860394
0.860084
0.858991
0.859832
0.860535
0.860330
0.860602
0.859338
0.859137
0.860469
0.859750
0.861099
0.861020
0.860692
0.860392
0.860896
0.860627
0.860422
0.861706
0.860659
0.861716
0.860246
0.862895
0.860705
0.863176
0.861952
0.860464
0.863063
0.860019
0.860083
0.861908
0.862220
0.861990
0.859555
0.860049
0.861101
0.860231
0.860147
0.861962
0.861930
0.861589
0.860636
0.860356
0.857771
0.861178
0.860515
0.861034
0.860801
0.862423
0.862081
0.861767
0.860380
0.859601
0.860101
0.859775
0.859614
0.861031
0.861888
0.860482
0.861348
0.862320
0.863428
0.861977
0.862606
0.862561
0.860221
0.860222
0.858733
0.859062
0.859887
0.860076
0.861376
0.860796
0.860957
0.860797
0.859875
0.860095
0.857646
0.859507
0.858927
0.860112
0.860628
0.862576
0.861263
0.859693
0.861353
0.861894
0.860979
0.860535
0.860781
0.861392
0.861605
0.861527
0.860892
0.860496
0.861928
0.861688
0.860453
0.860593
0.862740
0.860846
0.862124
0.861552
0.862090
0.861287
0.860750
0.860330
0.860654
0.861834
0.861074
0.861482
0.862736
0.861284
0.861114
0.861783
0.860852
0.861327
0.861077
0.860577
0.862005
0.860954
0.861737
0.861640
0.860699
0.863012
0.859931
0.859675
0.860717
0.862162
0.861661
0.862362
0.861735
0.861613
0.860415
0.860097
0.861360
0.861436
0.861117
0.860894
0.859959
0.859855
0.861006
0.859902
0.859666
0.859745
0.862415
0.860945
0.861279
0.860904
0.861225
0.860976
0.861061
0.861527
0.862130
0.861137
0.861126
0.862978
0.860266
0.863106
0.861268
0.861917
0.862456
0.862340
0.862047
0.862768
0.862289
0.859778
0.860240
0.862216
0.861154
0.861906
0.861752
0.859799
0.862217
0.860507
0.861018
0.861475
0.861925
0.860409
0.860537
0.859866
0.859892
0.860603
0.861360
0.860766
0.862741
0.861346
0.861636
0.861433
0.860092
0.861748
0.861092
0.859413
0.860990
0.859643
0.860548
0.859619
0.860033
0.860889
0.859720
0.860599
0.860178
0.858313
0.859355
0.861651
0.860345
0.861105
0.861555
0.862453
0.862034
0.860325
0.861462
0.861515
0.861747
0.859880
0.861976
0.860628
0.861477
0.861537
0.861068
0.859623
0.861207
0.860481
0.861737
0.860434
0.860494
0.860404
0.861868
0.863183
0.861601
0.861081
0.859542
0.860263
0.860220
0.859100
0.861817
0.859284
0.860509
0.860312
0.861847
0.861450
0.861040
0.860118
0.861385
0.860469
0.860278
0.861461
0.860372
0.862809
0.862641
0.859899
0.861387
0.860331
0.861722
0.859162
0.859906
0.861154
0.860815
0.862486
0.861410
0.861055
0.860349
0.859927
0.859991
0.860111
0.859318
0.863537
0.861348
0.860344
0.860374
0.861139
0.861317
0.859290
0.860998
0.860685
0.860073
0.859915
0.861503
0.860396
0.860774
0.861123
0.861860
0.859740
0.861549
0.861378
0.862103
0.859865
0.860623
0.861050
0.860166
0.861225
0.859573
0.860117
0.859940
0.859140
0.860247
0.859758
0.861372
0.859234
0.859837
0.860716
0.860228
0.859354
0.861112
0.862708
0.861241
0.861974
0.861293
0.861903
0.860995
0.860931
0.859486
0.861700
0.861457
0.860505
0.860736
0.862122
0.861470
0.861873
0.859997
0.860108
0.862208
0.860276
0.860376
0.860316
0.860568
0.860339
0.861788
0.860929
0.861127
0.861878
0.860477
0.863004
0.861981
0.861790
0.860895
0.859774
0.861191
0.864505
0.862665
0.861205
0.862225
0.861024
0.861591
0.861244
0.862519
0.862470
0.860787
0.860192
0.860144
0.861075
0.859971
0.859832
0.860560
0.861080
0.860975
0.861218
0.862333
0.861025
0.859654
0.862346
0.860225
0.861045
0.861158
0.860962
0.861353
0.861705
0.862269
0.861764
0.860243
0.859456
0.862051
0.861237
0.860944
0.860714
0.860363
0.860842
0.860647
0.861244
0.860698
0.861280
0.861159
0.859619
0.860492
0.859960
0.860644
0.860077
0.859863
0.859896
0.859869
0.862009
0.861017
0.861121
0.862016
0.860944
0.861267
0.862039
0.860809
0.861233
0.860966
0.860440
0.860904
0.860654
0.860382
0.862646
0.861549
0.862905
0.860034
0.861269
0.861293
0.861894
0.861123
0.861160
0.861485
0.860631
0.859148
0.861716
0.862459
0.862164
0.862190
0.862343
0.861243
0.863598
0.861392
0.862560
0.861395
0.862634
0.863357
0.861296
0.861926
0.861804
0.861928
0.861809
0.860863
0.861045
0.861221
0.860603
0.863074
0.860232
0.860469
0.860266
0.862297
0.860165
0.861946
0.861591
0.860841
0.862158
0.861802
0.860670
0.860574
0.859339
0.859880
0.860707
0.862658
0.859163
0.860468
0.860537
0.861092
0.861040
0.860094
0.860597
0.862622
0.860942
0.862226
0.861373
0.862249
0.860247
0.861844
0.861361
0.861631
0.860515
0.859803
0.859158
0.861483
0.861094
0.860303
0.860031
0.860805
0.860417
0.859082
0.862152
0.861812
0.862071
0.861177
0.861730
0.861196
0.861068
0.861356
0.862326
0.862682
0.861127
0.861567
0.862193
0.860721
0.862192
0.861684
0.860470
0.860443
0.859017
0.858860
0.858672
0.859961
0.860519
0.858682
0.861371
0.859598
0.860058
0.860171
0.858947
0.858911
0.859540
0.858785
0.857404
0.858939
0.862232
0.860749
0.861120
0.859741
0.860488
0.860869
0.861151
0.860846
0.861974
0.863001
0.859611
0.858377
0.859042
0.861165
0.860817
0.860765
0.860841
0.861341
0.862022
0.861536
0.859896
0.861102
0.860425
0.859594
0.860029
0.860744
0.860747
0.860778
0.856970
0.860850
0.861964
0.859526
0.861058
0.862937
0.859201
0.859754
0.860153
0.860516
0.861271
0.860842
0.862073
0.862505
0.861095
0.861364
0.858350
0.859684
0.860501
0.861881
0.861697
0.861746
0.860169
0.861178
0.861802
0.861013
0.861700
0.862541
0.862891
0.861826
0.861021
0.859988
0.860885
0.861494
0.863034
0.862529
0.862656
0.862505
0.862174
0.862008
0.860052
0.860351
0.861180
0.861633
0.860449
0.862399
0.861943
0.861537
0.859405
0.860049
0.860231
0.861182
0.859590
0.862041
0.860076
0.860257
0.860444
0.859141
0.859311
0.859705
0.859922
0.860296
0.860727
0.860378
0.861451
0.859947
0.858708
0.859673
0.859282
0.860060
0.859711
0.859991
0.861313
0.860518
0.860266
0.860422
0.861342
0.861215
0.860831
0.861522
0.860011
0.862870
0.861942
0.862502
0.860743
0.861973
0.859961
0.862383
0.861001
0.861127
0.858995
0.860375
0.861047
0.860898
0.860357
0.860974
0.859110
0.861135
0.860475
0.859468
0.859125
0.860886
0.860945
0.860453
0.860489
0.860398
0.860935
0.860750
0.860592
0.860686
0.862115
0.860108
0.860660
0.860707
0.859550
0.860737
0.859705
0.860185
0.861692
0.862814
0.861462
0.863242
0.863689
0.861344
0.860704
0.860399
0.862769
0.862234
0.861588
0.861551
0.861220
0.860892
0.860675
0.861631
0.859164
0.860236
0.860847
0.863175
0.862759
0.860664
0.861606
0.859184
0.861346
0.859918
0.858650
0.858686
0.860022
0.861361
0.862193
0.862900
0.861950
0.862937
0.860969
0.860449
0.860437
0.861625
0.860714
0.862201
0.859983
0.860735
0.859628
0.861614
0.861774
0.860384
0.860487
0.862152
0.860920
0.861350
0.860835
0.858575
0.861855
0.862043
0.862855
0.859485
0.862023
0.861007
0.862708
0.862457
0.860381
0.861070
0.862281
0.859926
0.859156
0.857686
0.860183
0.860351
0.862533
0.861851
0.861204
0.861355
0.862714
0.863216
0.862248
0.860774
0.861040
0.859920
0.862042
0.860850
0.860633
0.860917
0.859419
0.860620
0.859963
0.860159
0.859634
0.861879
0.861904
0.861352
0.861341
0.860932
0.859849
0.863232
0.861262
0.861819
0.860255
0.861826
0.862421
0.862063
0.862762
0.861722
0.863002
0.861881
0.861482
0.862773
0.863549
0.862633
0.861131
0.860654
0.862428
0.862749
0.861331
0.860076
0.860696
0.861086
0.859747
0.861992
0.859689
0.861525
0.861062
0.861121
0.861147
0.860657
0.859464
0.862148
0.861465
0.861268
0.860714
0.862202
0.860084
0.859920
0.862109
0.860296
0.861378
0.860345
0.861005
0.863145
0.860639
0.859546
0.860775
0.859859
0.860531
0.860335
0.861593
0.861172
0.860744
0.858442
0.861348
0.861278
0.863320
0.861272
0.861568
0.860700
0.862176
0.861201
0.863440
0.862361
0.860286
0.859805
0.862139
0.861934
0.861204
0.860884
0.860467
0.859547
0.860061
0.859724
0.860468
0.861981
0.859864
0.860554
0.860037
0.860738
0.860767
0.858956
0.861581
0.860777
0.860660
0.861029
0.860862
0.861976
0.859794
0.862238
0.860365
0.859735
0.858665
0.859140
0.859032
0.861633
0.860623
0.860548
0.860983
0.860432
0.860817
0.859122
0.859279
0.860609
0.861100
0.860484
0.860821
0.859107
0.860291
0.858085
0.860371
0.861098
0.860179
0.858036
0.858623
0.859439
0.860108
0.860283
0.859966
0.858832
0.861021
0.860463
0.861547
0.862470
0.863019
0.861763
0.861021
0.860780
0.860146
0.860706
0.859813
0.860242
0.860444
0.860823
0.863145
0.860427
0.860203
0.860421
0.860394
0.859720
0.861799
0.861290
0.859246
0.860907
0.859522
0.860410
0.860627
0.861937
0.859925
0.862372
0.862922
0.862352
0.862730
0.859870
0.862358
0.861640
0.862185
0.860068
0.858566
0.860334
0.860287
0.860496
0.861512
0.862119
0.861503
0.860201
0.859704
0.861251
0.861917
0.860123
0.860223
0.860776
0.860946
0.861180
0.860731
0.862445
0.862874
0.862076
0.862595
0.861834
0.863336
0.860634
0.861927
0.861071
0.860431
0.861443
0.862451
0.860938
0.862043
0.861096
0.860970
0.862991
0.861849
0.861204
0.861889
0.861858
0.862774
0.859858
0.862258
0.861496
0.860139
0.862308
0.861353
0.861894
0.861327
0.859526
0.861024
0.860910
0.859195
0.860117
0.860775
0.862001
0.859664
0.861081
0.861331
0.861890
0.861682
0.861099
0.861602
0.860580
0.859577
0.860346
0.861264
0.860763
0.862585
0.860924
0.862342
0.861515
0.862882
0.861923
0.861991
0.861338
0.860965
0.858886
0.861455
0.861256
0.862593
0.861106
0.860149
0.860230
0.862977
0.860417
0.861334
0.858643
0.859858
0.858458
0.859573
0.860159
0.859922
0.859792
0.860206
0.860235
0.860116
0.861045
0.860270
0.858427
0.860486
0.860329
0.859745
0.860934
0.859673
0.861902
0.861313
0.859445
0.862503
0.860367
0.863654
0.862722
0.861482
0.861987
0.860783
0.861303
0.861395
0.861528
0.859647
0.861600
0.860563
0.861070
0.860564
0.859972
0.861483
0.862510
0.862014
0.861344
0.859939
0.860595
0.862818
0.860691
0.859233
0.860021
0.861477
0.862013
0.860515
0.860806
0.861722
0.861687
0.862894
0.860104
0.860245
0.862758
0.862821
0.861982
0.860787
0.860808
0.861979
0.859948
0.861495
0.860088
0.861906
0.861661
0.859870
0.860824
0.861742
0.860613
0.860256
0.859369
0.858808
0.859968
0.860290
0.860144
0.861088
0.859830
0.860489
0.860201
0.859513
0.860972
0.860996
0.860201
0.861183
0.861252
0.861309
0.860446
0.860517
0.856419
0.858259
0.859927
0.861077
0.861467
0.860188
0.860064
0.859199
0.859992
0.861658
0.862885
0.861108
0.861158
0.860139
0.861614
0.861423
0.862406
0.861705
0.860511
0.861705
0.861889
0.862714
0.861174
0.860092
0.862924
0.860816
0.860556
0.861256
0.863183
0.863131
0.859777
0.859434
0.860654
0.859459
0.859554
0.859575
0.859074
0.860078
0.860679
0.861205
0.858608
0.861496
0.861221
0.862040
0.861026
0.861676
0.862329
0.862374
0.863181
0.861327
0.860343
0.862061
0.862371
0.861475
0.861360
0.861584
0.861924
0.859627
0.861749
0.861600
0.862272
0.860873
0.862780
0.861658
0.861202
0.862829
0.863212
0.862361
0.863108
0.860262
0.860468
0.861282
0.860892
0.861103
0.861891
0.861415
0.862755
0.860492
0.858504
0.861213
0.860631
0.861709
0.861224
0.860955
0.862442
0.860018
0.861405
0.861753
0.861260
0.861879
0.862770
0.862094
0.863340
0.862861
0.861294
0.863166
0.863190
0.863178
0.862483
0.860236
0.860583
0.860062
0.861149
0.861400
0.860307
0.860135
0.860697
0.861638
0.860782
0.860125
0.860662
0.862103
0.861338
0.861049
0.860838
0.860240
0.860500
0.859578
0.861477
0.861388
0.860363
0.860638
0.860638
0.860220
0.861932
0.860531
0.860704
0.859323
0.859688
0.858758
0.859606
0.858506
0.859353
0.858639
0.860702
0.861932
0.861245
0.861869
0.860525
0.860753
0.861717
0.862471
0.861400
0.860091
0.860491
0.860600
0.861139
0.860410
0.860154
0.861374
0.861533
0.858718
0.861633
0.860490
0.861421
0.860947
0.860243
0.859969
0.860719
0.859308
0.859210
0.860585
0.860228
0.859858
0.862380
0.859678
0.859585
0.861468
0.860730
0.860886
0.862458
0.860056
0.859290
0.860221
0.861183
0.859452
0.859620
0.861792
0.861917
0.861011
0.860993
0.859731
0.861022
0.860997
0.859698
0.861044
0.860891
0.859845
0.862424
0.861188
0.860532
0.861956
0.861355
0.861068
0.861929
0.859784
0.860523
0.860256
0.860841
0.860767
0.862210
0.861737
0.861602
0.861095
0.861620
0.859363
0.861055
0.860668
0.861368
0.859610
0.860177
0.860758
0.861214
0.860851
0.860502
0.862242
0.862193
0.860384
0.859521
0.861344
0.859612
0.860948
0.861621
0.860667
0.859582
0.858729
0.860687
0.861206
0.860578
0.861238
0.860992
0.861445
0.861339
0.859821
0.860552
0.860696
0.861374
0.859951
0.859498
0.861168
0.860415
0.862491
0.861277
0.861465
0.859778
0.858974
0.861558
0.859143
0.860459
0.860291
0.859914
0.859803
0.859842
0.859528
0.857895
0.859356
0.861588
0.859348
0.860098
0.858735
0.861092
0.859270
0.862004
0.859860
0.860545
0.860854
0.860005
0.860820
0.859309
0.860374
0.859154
0.861235
0.860444
0.858247
0.859683
0.860247
0.859110
0.858838
0.860679
0.860236
0.861402
0.859039
0.859096
0.858198
0.859663
0.861182
0.860887
0.859561
0.859319
0.859526
0.861376
0.858387
0.859575
0.858999
0.860822
0.860485
0.860764
0.862581
0.861639
0.861640
0.859899
0.861462
0.859007
0.859528
0.861480
0.861106
0.860007
0.859217
0.859542
0.861804
0.862239
0.861242
0.859690
0.859503
0.859177
0.861560
0.862796
0.861238
0.861985
0.861916
0.862579
0.861473
0.861385
0.861404
0.861080
0.861293
0.861521
0.861940
0.863137
0.863993
0.861989
0.861467
0.861972
0.860878
0.863111
0.861958
0.863352
0.862298
0.862085
0.862824
0.860969
0.860112
0.861306
0.862059
0.862635
0.860698
0.859864
0.860117
0.859637
0.860196
0.862048
0.862785
0.862683
0.862892
0.860619
0.861303
0.861754
0.861017
0.860612
0.860777
0.860405
0.860645
0.861020
0.860943
0.860898
0.860266
0.861558
0.858348
0.859151
0.861081
0.861024
0.861984
0.861218
0.861767
0.862755
0.861490
0.862296
0.861825
0.860894
0.859660
0.860651
0.861345
0.859235
0.859529
0.861144
0.860628
0.859940
0.859804
0.859736
0.859596
0.860052
0.860462
0.858561
0.860437
0.859185
0.859661
0.860479
0.861233
0.862961
0.861890
0.860351
0.862111
0.862163
0.861841
0.859056
0.859471
0.861099
0.860080
0.860906
0.862045
0.862756
0.861561
0.860630
0.861173
0.861039
0.861807
0.859103
0.862505
0.861756
0.861106
0.861566
0.862431
0.862681
0.860375
0.859880
0.861279
0.861353
0.861801
0.861208
0.860738
0.860413
0.862360
0.862146
0.859768
0.859015
0.860647
0.859835
0.861331
0.861870
0.860883
0.861309
0.860254
0.861484
0.861353
0.860558
0.860570
0.860059
0.860265
0.859686
0.860518
0.862690
0.861679
0.860925
0.860563
0.861608
0.859254
0.860143
0.860464
0.858933
0.861549
0.863357
0.862278
0.861837
0.861150
0.860903
0.862773
0.860198
0.860454
0.859517
0.859668
0.861864
0.860044
0.859751
0.862510
0.861532
0.860835
0.861435
0.861263
0.860890
0.860048
0.861097
0.861062
0.860321
0.862462
0.861002
0.861698
0.860268
0.861318
0.863129
0.860615
0.861994
0.861252
0.860245
0.859594
0.859072
0.860877
0.861734
0.860649
0.860992
0.860697
0.860016
0.861604
0.861918
0.862197
0.859350
0.858920
0.861339
0.860931
0.860783
0.860470
0.862153
0.860174
0.861833
0.862113
0.863122
0.863544
0.862444
0.863316
0.863046
0.861142
0.859747
0.861514
0.861415
0.860068
0.861315
0.861430
0.861809
0.861372
0.860707
0.861658
0.860439
0.860949
0.859999
0.861201
0.861695
0.861080
0.861707
0.860458
0.861747
0.862118
0.861340
0.860866
0.861076
0.860757
0.860564
0.862349
0.862174
0.861635
0.859995
0.861248
0.862628
0.860063
0.861562
0.863329
0.863084
0.859915
0.860769
0.861013
0.858171
0.861501
0.861623
0.861758
0.861704
0.861224
0.861457
0.860798
0.859966
0.861012
0.860912
0.861343
0.861480
0.861145
0.861066
0.860703
0.862646
0.861332
0.861284
0.861161
0.860805
0.859905
0.861777
0.858858
0.860643
0.859867
0.861456
0.860528
0.859557
0.860084
0.858941
0.860006
0.861202
0.861353
0.861888
0.860859
0.860483
0.860121
0.861315
0.859485
0.861474
0.861402
0.861804
0.859410
0.859282
0.859803
0.860602
0.860593
0.861672
0.862383
0.863087
0.862055
0.862776
0.861306
0.859650
0.860689
0.859221
0.861450
0.861686
0.861801
0.860228
0.861860
0.859259
0.862117
0.860646
0.861131
0.859841
0.861685
0.858768
0.860239
0.861255
0.861536
0.862490
0.861359
0.862277
0.860625
0.861897
0.861332
0.860962
0.860865
0.860506
0.860070
0.861394
0.860716
0.860274
0.861530
0.859544
0.859263
0.862176
0.861304
0.861609
0.860709
0.860780
0.859631
0.860025
0.861186
0.862653
0.861301
0.859495
0.860754
0.861838
0.860473
0.861653
0.861516
0.861634
0.859202
0.861795
0.861169
0.861484
0.860039
0.862474
0.861722
0.861586
0.860244
0.860732
0.859700
0.860269
0.858800
0.859815
0.861613
0.860460
0.859248
0.861378
0.861557
0.860729
0.861177
0.860195
0.862348
0.861781
0.860371
0.859082
0.859738
0.860652
0.859977
0.859810
0.859572
0.860018
0.861703
0.861913
0.859825
0.860009
0.862274
0.859805
0.858875
0.860531
0.861005
0.859890
0.861515
0.862023
0.860345
0.861201
0.861712
0.861506
0.858821
0.860500
0.861445
0.860183
0.860904
0.858793
0.860108
0.860411
0.859335
0.860231
0.859199
0.859194
0.857685
0.858669
0.857408
0.858584
0.860841
0.860311
0.859517
0.859079
0.861154
0.860087
0.860788
0.862187
0.859883
0.860766
0.861292
0.862605
0.863127
0.861748
0.860059
0.861725
0.860488
0.860665
0.860485
0.860481
0.859778
0.860143
0.860231
0.859701
0.861480
0.862863
0.862544
0.861726
0.860040
0.859224
0.861864
0.861484
0.860984
0.860681
0.860382
0.859882
0.860701
0.861339
0.860285
0.860481
0.859411
0.860554
0.861315
0.862615
0.862278
0.861547
0.859305
0.862731
0.860882
0.861564
0.859529
0.859484
0.859025
0.861771
0.860393
0.861829
0.860229
0.859835
0.860089
0.861862
0.859469
0.860631
0.861388
0.861729
0.860420
0.860032
0.862196
0.861667
0.862099
0.860947
0.860167
0.862004
0.862298
0.861125
0.859728
0.861248
0.862224
0.860865
0.862553
0.859949
0.861192
0.861593
0.861768
0.862366
0.860673
0.861813
0.860717
0.858029
0.861637
0.862039
0.863116
0.862050
0.861566
0.861575
0.861563
0.860417
0.860185
0.860643
0.861691
0.861040
0.860564
0.861698
0.861945
0.861366
0.860406
0.862748
0.860962
0.860053
0.861382
0.861000
0.859282
0.860863
0.860578
0.861456
0.860420
0.859870
0.859810
0.860929
0.860940
0.861438
0.860528
0.861929
0.861425
0.860685
0.861759
0.861314
0.860241
0.861183
0.860060
0.861458
0.860373
0.860289
0.860517
0.860861
0.861056
0.860294
0.862158
0.861560
0.861010
0.860670
0.862852
0.863231
0.859621
0.860696
0.860532
0.860098
0.859834
0.859809
0.858642
0.860624
0.859758
0.860580
0.859397
0.859978
0.859788
0.860032
0.860541
0.859021
0.860065
0.860745
0.862795
0.860616
0.859750
0.861186
0.860857
0.860898
0.860839
0.860270
0.859801
0.860281
0.861523
0.860233
0.860036
0.860397
0.860297
0.859455
0.862347
0.859584
0.861837
0.861926
0.860233
0.860034
0.860041
0.859577
0.859565
0.861185
0.860235
0.858746
0.859996
0.859991
0.859986
0.859836
0.860918
0.859614
0.860270
0.858635
0.860642
0.861929
0.860907
0.862115
0.861275
0.861905
0.862127
0.860286
0.859439
0.861037
0.861959
0.861566
0.861665
0.860162
0.860744
0.860776
0.862592
0.859846
0.860944
0.861800
0.861431
0.861712
0.863049
0.860402
0.860590
0.862174
0.861878
0.859634
0.860377
0.862135
0.859060
0.859717
0.859254
0.858714
0.860797
0.859624
0.860551
0.859089
0.861942
0.860026
0.860523
0.861195
0.859517
0.861245
0.861914
0.861011
0.860704
0.860486
0.861277
0.862142
0.860921
0.860273
0.860247
0.860025
0.859492
0.861661
0.859416
0.860308
0.861589
0.862894
0.862217
0.862000
0.860103
0.861413
0.862508
0.861460
0.860385
0.859491
0.861637
0.861087
0.861004
0.861015
0.860740
0.860558
0.859974
0.860097
0.860215
0.860390
0.860029
0.860613
0.862014
0.861167
0.861018
0.861870
0.860894
0.862205
0.859942
0.861108
0.862289
0.861536
0.861813
0.859246
0.859784
0.860896
0.860557
0.860034
0.858988
0.859022
0.859680
0.860882
0.861110
0.862380
0.860183
0.859723
0.860574
0.860321
0.859951
0.859711
0.859134
0.858442
0.861714
0.859351
0.860902
0.861229
0.861862
0.860753
0.859510
0.859845
0.859704
0.861501
0.860270
0.860929
0.860288
0.859377
0.861257
0.862590
0.862130
0.860450
0.861301
0.861710
0.862827
0.862145
0.860868
0.860562
0.860520
0.861184
0.860908
0.861563
0.860500
0.860950
0.860213
0.860472
0.860371
0.860873
0.860893
0.861531
0.861562
0.860804
0.862399
0.860303
0.860675
0.860980
0.861498
0.862281
0.862159
0.862533
0.860692
0.860338
0.862130
0.860405
0.859747
0.859860
0.861402
0.859909
0.861545
0.860750
0.861062
0.860764
0.860228
0.861290
0.860760
0.860011
0.861490
0.860752
0.860653
0.861732
0.861583
0.860841
0.860926
0.860197
0.863755
0.861742
0.860878
0.861313
0.860689
0.861986
0.862227
0.860393
0.860368
0.859919
0.860240
0.860424
0.858150
0.859912
0.862463
0.862048
0.860047
0.861950
0.861376
0.860699
0.860295
0.860656
0.859811
0.860573
0.860290
0.860632
0.861593
0.862630
0.861364
0.860542
0.860584
0.860944
0.860866
0.859308
0.860122
0.860818
0.861472
0.861082
0.859206
0.861016
0.861653
0.861448
0.860332
0.862689
0.862247
0.861197
0.861090
0.861920
0.862754
0.861924
0.860847
0.861463
0.861329
0.862189
0.861411
0.861382
0.861241
0.861135
0.861186
0.862607
0.860753
0.861943
0.860797
0.860076
0.860431
0.861184
0.860058
0.858556
0.858600
0.859264
0.861457
0.859601
0.861225
0.860703
0.862726
0.858922
0.861273
0.862336
0.861418
0.860434
0.862492
0.863691
0.862110
0.861229
0.860837
0.860145
0.861937
0.862381
0.861133
0.860279
0.862019
0.862113
0.861132
0.860225
0.860997
0.860384
0.861014
0.861001
0.862393
0.861858
0.859767
0.860739
0.861242
0.861299
0.860984
0.860627
0.860334
0.861248
0.860726
0.859299
0.860602
0.860659
0.862263
0.861740
0.861803
0.858282
0.859185
0.862488
0.861802
0.860431
0.861724
0.862316
0.860889
0.860011
0.860608
0.858831
0.861053
0.859195
0.860754
0.862124
0.861581
0.861366
0.860951
0.860566
0.859580
0.861850
0.862483
0.861828
0.861194
0.861017
0.862400
0.861973
0.863637
0.861930
0.861138
0.861358
0.862156
0.862339
0.860119
0.859920
0.860135
0.862517
0.860693
0.860189
0.861420
0.861487
0.861901
0.860934
0.862035
0.860183
0.859823
0.859882
0.860475
0.859686
0.860118
0.861290
0.861671
0.861277
0.860827
0.861242
0.860483
0.859839
0.859853
0.860049
0.859147
0.859195
0.859670
0.860384
0.862255
0.858948
0.860012
0.862169
0.861954
0.860565
0.860999
0.859521
0.859402
0.861634
0.861623
0.859864
0.861773
0.861844
0.860478
0.860945
0.859170
0.859889
0.859701
0.860378
0.860055
0.859795
0.859272
0.860556
0.860518
0.861180
0.861052
0.860565
0.860312
0.859713
0.861666
0.859876
0.862089
0.861657
0.860971
0.860539
0.861501
0.860152
0.862655
0.863417
0.862056
0.862057
0.861301
0.861186
0.859726
0.860404
0.861075
0.859884
0.861170
0.859647
0.859052
0.859748
0.861021
0.860515
0.858857
0.859807
0.860827
0.860136
0.860184
0.860156
0.860948
0.859538
0.859966
0.859281
0.860400
0.861624
0.860275
0.861190
0.861786
0.862243
0.860962
0.860946
0.860151
0.860760
0.860162
0.860921
0.862278
0.861291
0.861048
0.862716
0.860786
0.860520
0.860614
0.863100
0.861317
0.861994
0.863326
0.863204
0.860136
0.861069
0.862483
0.861888
0.862339
0.860930
0.861804
0.860977
0.861121
0.862303
0.862253
0.861375
0.861467
0.862719
0.860854
0.860729
0.861266
0.860530
0.861883
0.860881
0.862285
0.861652
0.860119
0.860732
0.861040
0.860883
0.861872
0.862384
0.861997
0.861521
0.861141
0.861147
0.859137
0.858778
0.861833
0.859744
0.860611
0.861506
0.861501
0.860050
0.861754
0.859865
0.860180
0.860180
0.860124
0.862160
0.862223
0.862376
0.862775
0.862953
0.861435
0.863089
0.861135
0.861422
0.861566
0.861372
0.860494
0.860358
0.860894
0.862419
0.862260
0.862471
0.862204
0.861482
0.860283
0.860241
0.861264
0.861230
0.861733
0.860204
0.860670
0.859545
0.859708
0.860323
0.862759
0.862033
0.862439
0.861708
0.859553
0.859938
0.861759
0.862071
0.862301
0.859961
0.861616
0.862156
0.862037
0.861292
0.862594
0.861944
0.861126
0.862501
0.861769
0.861361
0.859858
0.860674
0.860763
0.861642
0.861667
0.863155
0.860994
0.862024
0.864130
0.863138
0.859141
0.860621
0.859769
0.859929
0.859886
0.859985
0.859632
0.859174
0.858954
0.861441
0.861308
0.858750
0.860172
0.861506
0.861308
0.862332
0.858948
0.861019
0.860176
0.860692
0.860898
0.860517
0.861280
0.859587
0.860356
0.861020
0.861336
0.860881
0.861869
0.860858
0.862935
0.859746
0.861380
0.861343
0.861508
0.861845
0.861394
0.861187
0.860631
0.860876
0.859551
0.861306
0.861445
0.861920
0.862334
0.861980
0.859328
0.861687
0.861459
0.861282
0.859449
0.860826
0.860412
0.860876
0.860529
0.860835
0.862464
0.862683
0.861420
0.861529
0.861879
0.860219
0.861159
0.859461
0.860448
0.863069
0.861446
0.860252
0.859761
0.858709
0.858384
0.860508
0.861685
0.859817
0.860367
0.860583
0.859669
0.862058
0.861532
0.860097
0.860109
0.861577
0.859631
0.861043
0.862026
0.860177
0.863499
0.861445
0.860902
0.861565
0.861318
0.862285
0.860338
0.861488
0.861347
0.861811
0.861008
0.861288
0.861922
0.858835
0.859435
0.859829
0.860424
0.860098
0.861154
0.861385
0.858868
0.859254
0.860998
0.860219
0.860574
0.859879
0.858986
0.860338
0.859442
0.860764
0.860114
0.861262
0.861245
0.862873
0.860788
0.862091
0.860113
0.861889
0.861098
0.861644
0.860262
0.860112
0.860098
0.860447
0.860919
0.861013
0.863246
0.860437
0.860786
0.859518
0.860746
0.860957
0.861676
0.860923
0.862292
0.863224
0.861060
0.860741
0.859806
0.861430
0.862793
0.863023
0.860796
0.861167
0.858425
0.860320
0.859645
0.860603
0.862736
0.860577
0.860949
0.860576
0.859050
0.859979
0.862050
0.859545
0.860208
0.860488
0.860294
0.862329
0.860485
0.862761
0.861132
0.860579
0.861976
0.861641
0.862340
0.862194
0.860054
0.860828
0.861263
0.860909
0.861576
0.861956
0.861339
0.862961
0.859628
0.859516
0.860215
0.860261
0.859614
0.860264
0.859565
0.860993
0.860975
0.860898
0.860952
0.860043
0.861405
0.861657
0.860863
0.860680
0.860384
0.860751
0.861652
0.861172
0.861494
0.860762
0.862649
0.861356
0.861893
0.861330
0.861095
0.860733
0.859397
0.859312
0.859865
0.859969
0.860074
0.860993
0.860010
0.861177
0.861026
0.861348
0.861622
0.860651
0.859716
0.859977
0.861207
0.859287
0.859217
0.859775
0.861582
0.862348
0.862934
0.862419
0.862673
0.862838
0.861735
0.861768
0.860379
0.860826
0.858840
0.859000
0.861037
0.859528
0.861952
0.861964
0.862827
0.861434
0.860276
0.860279
0.862213
0.861376
0.859813
0.862901
0.859593
0.859709
0.860830
0.858940
0.860754
0.861703
0.859902
0.862035
0.862012
0.861739
0.860123
0.861849
0.860105
0.859641
0.859875
0.859059
0.860501
0.862272
0.861622
0.861792
0.861106
0.861106
0.861970
0.860615
0.860758
0.862165
0.862028
0.862730
0.861706
0.861925
0.861338
0.862258
0.860805
0.862094
0.860102
0.861054
0.861895
0.861717
0.862843
0.861349
0.862612
0.861581
0.861960
0.861133
0.860900
0.861096
0.861203
0.860742
0.863390
0.861120
0.860733
0.861683
0.862100
0.860938
0.862360
0.861318
0.862653
0.861362
0.860364
0.862364
0.862104
0.863436
0.862183
0.861266
0.859371
0.860537
0.859734
0.861180
0.859740
0.859144
0.862140
0.859401
0.860825
0.861428
0.862391
0.862098
0.861397
0.860363
0.862542
0.860555
0.859557
0.860258
0.860283
0.861280
0.859044
0.860505
0.860479
0.860262
0.860867
0.861671
0.860611
0.860298
0.862070
0.861170
0.861584
0.860041
0.861940
0.860613
0.859957
0.859784
0.858189
0.860471
0.859641
0.860958
0.860343
0.860746
0.860118
0.861720
0.860219
0.860409
0.861906
0.861899
0.861187
0.862886
0.860807
0.861276
0.861109
0.862656
0.861393
0.861136
0.859507
0.859627
0.861764
0.861808
0.862032
0.862193
0.861115
0.859195
0.861581
0.862477
0.861434
0.861080
0.861567
0.863101
0.862042
0.861886
0.861894
0.861534
0.861968
0.860415
0.860416
0.858672
0.860291
0.860135
0.858406
0.860324
0.860446
0.860309
0.860738
0.861525
0.860472
0.861539
0.860406
0.861088
0.859433
0.860706
0.860521
0.859396
0.861295
0.859610
0.860687
0.861718
0.860311
0.861686
0.858627
0.860526
0.861372
0.860939
0.860994
0.860935
0.859933
0.859180
0.860727
0.860953
0.862354
0.860020
0.860047
0.860740
0.859581
0.859116
0.861356
0.860972
0.860400
0.859005
0.861077
0.858480
0.861413
0.860412
0.860404
0.859623
0.860010
0.861085
0.861371
0.860398
0.860731
0.861543
0.859793
0.860921
0.860843
0.859884
0.860350
0.861977
0.861243
0.860611
0.859920
0.861778
0.860555
0.859603
0.861532
0.861178
0.862432
0.861800
0.862734
0.861790
0.862275
0.861179
0.862240
0.860979
0.859788
0.859856
0.860562
0.862036
0.861662
0.861299
0.862237
0.861287
0.861656
0.860419
0.861047
0.859062
0.859288
0.860254
0.859936
0.861138
0.860425
0.860712
0.858867
0.860443
0.860789
0.861311
0.860018
0.858765
0.858669
0.861081
0.859599
0.860002
0.861746
0.859372
0.860087
0.860407
0.861365
0.861548
0.861586
0.860363
0.859360
0.860800
0.861171
0.859853
0.862306
0.861474
0.861564
0.861246
0.861414
0.860448
0.860535
0.861278
0.862173
0.859386
0.862341
0.862969
0.862310
0.862373
0.859479
0.861257
0.863962
0.860643
0.860202
0.862577
0.861571
0.862281
0.861094
0.862894
0.860759
0.862279
0.860924
0.860189
0.860663
0.861444
0.860841
0.861761
0.862364
0.859365
0.861386
0.862092
0.860479
0.860774
0.859867
0.860989
0.860946
0.861674
0.860274
0.861327
0.859713
0.861119
0.862112
0.861712
0.861791
0.861118
0.861384
0.862327
0.861615
0.859614
0.862176
0.863070
0.862201
0.860841
0.862153
0.861423
0.862062
0.863283
0.861730
0.861461
0.861003
0.860078
0.858529
0.860071
0.858356
0.859573
0.860726
0.860983
0.859669
0.861537
0.860150
0.861371
0.861206
0.861185
0.861305
0.859978
0.859607
0.859348
0.860235
0.860488
0.861063
0.859954
0.861599
0.861067
0.859094
0.859887
0.861623
0.859953
0.859912
0.860673
0.860288
0.859158
0.859679
0.860116
0.861860
0.859945
0.859555
0.860587
0.861467
0.862182
0.861582
0.860638
0.860553
0.860070
0.862062
0.861026
0.860814
0.860923
0.861044
0.860038
0.861932
0.860046
0.859000
0.860094
0.859855
0.859223
0.859411
0.859779
0.861243
0.860503
0.860447
0.861265
0.860639
0.861091
0.861162
0.860440
0.860824
0.860940
0.858691
0.858642
0.860731
0.858999
0.860483
0.861045
0.862150
0.860130
0.860995
0.861936
0.862717
0.862803
0.862780
0.863446
0.861473
0.860556
0.861548
0.860976
0.860830
0.860764
0.861835
0.860578
0.860223
0.861217
0.862588
0.860534
0.860880
0.860532
0.857760
0.859917
0.859831
0.859980
0.863162
0.863479
0.861240
0.860443
0.861466
0.862161
0.860669
0.861054
0.858655
0.858894
0.860510
0.861180
0.859887
0.861027
0.859828
0.859908
0.860686
0.858950
0.861010
0.860965
0.861294
0.860938
0.860840
0.861745
0.862615
0.861679
0.860755
0.861754
0.860339
0.859142
0.858849
0.861469
0.860513
0.860573
0.862829
0.861941
0.862068
0.860574
0.861733
0.862853
0.861013
0.859790
0.859460
0.861888
0.860631
0.861053
0.861298
0.860766
0.860548
0.862042
0.860347
0.861220
0.860825
0.861721
0.860419
0.860824
0.861031
0.858909
0.859339
0.859025
0.859131
0.858278
0.860320
0.859201
0.858762
0.859254
0.858363
0.857934
0.859393
0.860322
0.861100
0.861044
0.859460
0.860712
0.860949
0.861950
0.861961
0.861953
0.862498
0.862045
0.861322
0.861856
0.860915
0.859983
0.859535
0.859172
0.860473
0.860478
0.860634
0.862362
0.860746
0.861185
0.861154
0.861626
0.860053
0.862073
0.861670
0.860511
0.862398
0.862199
0.861682
0.862126
0.862119
0.861157
0.859069
0.861702
0.861869
0.862105
0.861683
0.861841
0.861729
0.859353
0.861900
0.859411
0.861480
0.858985
0.861075
0.860308
0.860063
0.860089
0.859864
0.861682
0.860839
0.861125
0.860201
0.860671
0.861319
0.862130
0.862090
0.860391
0.859541
0.862052
0.859744
0.861727
0.861898
0.861409
0.859251
0.859338
0.859263
0.858942
0.860389
0.859362
0.857860
0.859268
0.860604
0.859618
0.857413
0.860089
0.861221
0.861398
0.861295
0.858428
0.858304
0.862029
0.860004
0.860155
0.860355
0.860656
0.860996
0.860647
0.860501
0.860701
0.861828
0.859830
0.860848
0.862192
0.861560
0.859021
0.860819
0.860310
0.859738
0.859826
0.859405
0.860700
0.859642
0.862585
0.861419
0.861534
0.860781
0.861626
0.861721
0.859314
0.860578
0.860171
0.861899
0.860534
0.862336
0.860393
0.859988
0.859720
0.859242
0.859300
0.858815
0.861352
0.860463
0.861017
0.859902
0.861095
0.862160
0.859605
0.861625
0.859571
0.860853
0.861629
0.860471
0.860975
0.861817
0.861662
0.860320
0.861147
0.859107
0.860646
0.861591
0.862408
0.860730
0.861135
0.860351
0.859324
0.859658
0.858422
0.860650
0.861519
0.859738
0.860390
0.860778
0.857178
0.860929
0.861360
0.859982
0.860516
0.860668
0.859289
0.860689
0.862314
0.860744
0.861347
0.859663
0.860739
0.862145
0.861365
0.863400
0.863930
0.864344
0.863041
0.860571
0.860340
0.862157
0.860953
0.862465
0.861541
0.860680
0.859920
0.861344
0.858397
0.861241
0.862075
0.863581
0.863092
0.862138
0.862821
0.861679
0.860801
0.860474
0.859445
0.861373
0.861611
0.862359
0.861986
0.860661
0.862202
0.861460
0.861202
0.860387
0.861679
0.861450
0.860582
0.860574
0.861358
0.861482
0.859366
0.859780
0.860449
0.861219
0.859990
0.860429
0.861283
0.859931
0.859855
0.860795
0.860263
0.861245
0.860758
0.862661
0.860340
0.861654
0.862038
0.861454
0.860613
0.861355
0.861403
0.860254
0.861883
0.859944
0.859658
0.860922
0.858775
0.861126
0.859019
0.861089
0.863534
0.861813
0.861665
0.861002
0.860930
0.861563
0.860712
0.860693
0.862259
0.863221
0.860862
0.860729
0.861140
0.861377
0.860455
0.861470
0.859144
0.860130
0.860755
0.860702
0.860841
0.860967
0.862493
0.859780
0.863034
0.863119
0.862443
0.861479
0.860421
0.860811
0.859742
0.863734
0.863550
0.862201
0.863077
0.862134
0.860873
0.861332
0.860772
0.861303
0.861151
0.862212
0.861328
0.861019
0.861092
0.859796
0.860497
0.861938
0.860569
0.860478
0.860302
0.862188
0.860697
0.859047
0.861595
0.861759
0.861106
0.861014
0.861302
0.861698
0.860303
0.863162
0.862180
0.861046
0.860847
0.861264
0.862745
0.860470
0.860661
0.859935
0.861016
0.861021
0.861486
0.861756
0.861963
0.861862
0.862175
0.861770
0.862539
0.862584
0.861872
0.861008
0.859372
0.861272
0.860061
0.859966
0.861795
0.862118
0.860031
0.861354
0.861754
0.861408
0.862344
0.861215
0.860256
0.862280
0.861811
0.861199
0.862565
0.860330
0.860851
0.860161
0.862176
0.862582
0.861180
0.861739
0.861165
0.859407
0.859887
0.861296
0.861541
0.859219
0.858706
0.859843
0.858763
0.858347
0.860794
0.860976
0.861019
0.862432
0.859415
0.860360
0.860837
0.860916
0.860690
0.860445
0.860609
0.861179
0.862148
0.861999
0.861979
0.863565
0.861772
0.861210
0.863108
0.862915
0.862889
0.859881
0.860201
0.859815
0.862178
0.860932
0.859633
0.860469
0.860443
0.861223
0.861635
0.859961
0.861382
0.861922
0.864175
0.862512
0.862233
0.862811
0.861617
0.860929
0.860404
0.861559
0.861493
0.861363
0.862027
0.861049
0.861337
0.861555
0.860137
0.861544
0.862660
0.861870
0.861249
0.858639
0.861301
0.862546
0.862568
0.861424
0.861546
0.862538
0.859986
0.859635
0.860865
0.861503
0.860180
0.862033
0.861047
0.860801
0.860399
0.860806
0.861043
0.862709
0.859982
0.861654
0.863051
0.861498
0.861487
0.862726
0.861488
0.862122
0.862034
0.860584
0.861045
0.859924
0.860939
0.860024
0.860519
0.860877
0.861409
0.861288
0.861812
0.862068
0.861525
0.861820
0.863634
0.863747
0.860933
0.861348
0.860232
0.859886
0.861655
0.860459
0.859945
0.859606
0.858275
0.860262
0.859467
0.859103
0.860546
0.859514
0.860182
0.860112
0.861364
0.861333
0.862096
0.860006
0.860952
0.862840
0.862282
0.861247
0.862390
0.861414
0.861491
0.860424
0.859130
0.859270
0.861121
0.859708
0.859590
0.859270
0.860634
0.858611
0.859082
0.861661
0.860676
0.860781
0.861178
0.860033
0.858251
0.860366
0.859281
0.859486
0.858674
0.862328
0.861166
0.860980
0.859585
0.858262
0.857431
0.860418
0.861232
0.860383
0.861588
0.860545
0.860695
0.860711
0.859844
0.860171
0.861163
0.860760
0.860799
0.860475
0.860032
0.862650
0.860377
0.861888
0.860688
0.861222
0.862388
0.861363
0.859447
0.863625
0.860409
0.859839
0.859819
0.858665
0.859278
0.861726
0.860470
0.860403
0.861742
0.859709
0.861263
0.860847
0.861213
0.859602
0.859624
0.859884
0.860907
0.861124
0.860429
0.861724
0.859561
0.858824
0.862033
0.862566
0.860000
0.860905
0.860141
0.860315
0.860227
0.860291
0.860462
0.861063
0.861236
0.860308
0.860731
0.861764
0.860800
0.862113
0.861473
0.860860
0.861598
0.862383
0.863635
0.862231
0.861783
0.861136
0.860072
0.860207
0.859000
0.861225
0.860899
0.859343
0.859213
0.860201
0.860998
0.861389
0.861803
0.858808
0.859584
0.860792
0.860601
0.861420
0.860216
0.862041
0.860085
0.861074
0.861824
0.862371
0.860465
0.861060
0.861095
0.860772
0.861362
0.861726
0.860038
0.861015
0.861800
0.861353
0.862574
0.862578
0.861114
0.861394
0.861020
0.860220
0.861291
0.860472
0.861639
0.861539
0.862077
0.861675
0.861646
0.862305
0.860786
0.859435
0.860751
0.861236
0.862132
0.861751
0.863560
0.858398
0.862539
0.862187
0.862068
0.861177
0.863368
0.861254
0.861540
0.860832
0.861197
0.861220
0.861399
0.861549
0.861959
0.863004
0.861368
0.862165
0.860582
0.861424
0.861037
0.861100
0.860734
0.861557
0.861900
0.860263
0.862114
0.859861
0.860132
0.861229
0.860407
0.862390
0.860233
0.861664
0.859213
0.860425
0.860350
0.862351
0.862561
0.860057
0.859860
0.861392
0.860013
0.860839
0.859082
0.860711
0.861041
0.862778
0.860867
0.859647
0.862494
0.862068
0.861684
0.862125
0.861054
0.860114
0.859545
0.860399
0.860706
0.860760
0.860015
0.860188
0.863007
0.861485
0.863468
0.861213
0.860618
0.859300
0.860496
0.859079
0.860727
0.860660
0.861752
0.860658
0.860366
0.860419
0.860008
0.859263
0.861197
0.860627
0.861487
0.862552
0.858483
0.861683
0.859999
0.860133
0.860672
0.861516
0.860470
0.859386
0.859654
0.859214
0.860199
0.860407
0.860856
0.861243
0.859967
0.861793
0.860722
0.861761
0.860186
0.860404
0.861486
0.860362
0.859083
0.859479
0.861369
0.860336
0.859442
0.861503
0.861587
0.859992
0.860636
0.860382
0.860537
0.859813
0.858960
0.862181
0.860264
0.859888
0.860323
0.862055
0.860950
0.858851
0.859239
0.859172
0.859656
0.860350
0.859553
0.858977
0.861472
0.860031
0.860140
0.858029
0.859206
0.859196
0.861460
0.860803
0.859135
0.860994
0.860543
0.860651
0.858691
0.860577
0.859689
0.860672
0.859519
0.859799
0.858670
0.858324
0.859711
0.860628
0.860334
0.859104
0.860544
0.860110
0.858434
0.860072
0.861676
0.860159
0.861063
0.862848
0.862823
0.860676
0.860639
0.861636
0.861856
0.861337
0.860908
0.860777
0.860874
0.859459
0.860062
0.861704
0.860838
0.861348
0.861482
0.860819
0.860368
0.860740
0.860918
0.858848
0.859759
0.859910
0.860459
0.860540
0.861065
0.860832
0.860835
0.861555
0.859566
0.860157
0.858750
0.860112
0.861453
0.859109
0.860572
0.859243
0.860040
0.860718
0.861264
0.860456
0.860245
0.859430
0.862002
0.862132
0.861920
0.861232
0.860971
0.859519
0.860377
0.860794
0.859467
0.861630
0.861634
0.860553
0.860732
0.861207
0.861407
0.860796
0.859759
0.860466
0.861016
0.861479
0.862513
0.861513
0.861507
0.862359
0.861423
0.860739
0.860050
0.861474
0.861558
0.860993
0.861512
0.859176
0.861763
0.859854
0.861399
0.860843
0.860380
0.859479
0.861065
0.860805
0.859820
0.860586
0.860816
0.859392
0.861730
0.859812
0.859253
0.860357
0.860548
0.860543
0.862214
0.863803
0.862511
0.860824
0.860553
0.861449
0.860520
0.860050
0.861844
0.860252
0.861545
0.860307
0.858391
0.860064
0.860416
0.860662
0.860822
0.859358
0.860551
0.860880
0.861592
0.860298
0.861235
0.860540
0.860034
0.860071
0.860400
0.861978
0.863316
0.862724
0.862164
0.861124
0.859988
0.860639
0.861027
0.859733
0.861186
0.860372
0.860939
0.859706
0.862711
0.861196
0.861450
0.861898
0.861282
0.862030
0.860881
0.860978
0.859866
0.862021
0.860272
0.861201
0.862579
0.859492
0.860245
0.862440
0.861705
0.861214
0.860596
0.861482
0.861022
0.860952
0.859694
0.860215
0.863108
0.862447
0.862500
0.859827
0.860387
0.860649
0.859442
0.859150
0.859340
0.861570
0.860741
0.860272
0.860769
0.862468
0.860984
0.860526
0.861339
0.860218
0.862307
0.861849
0.860775
0.860248
0.861649
0.860976
0.862168
0.861320
0.861264
0.860969
0.861662
0.860238
0.859892
0.860774
0.861254
0.860290
0.861023
0.862594
0.859921
0.859588
0.860976
0.859600
0.859124
0.859447
0.861927
0.860665
0.861672
0.860897
0.859722
0.860540
0.861016
0.861823
0.861119
0.861391
0.862169
0.860257
0.859863
0.861504
0.860404
0.862203
0.861683
0.862283
0.860579
0.861173
0.862360
0.860936
0.863487
0.862268
0.861540
0.861767
0.860609
0.860835
0.860404
0.860246
0.860597
0.861040
0.861590
0.860767
0.861781
0.863310
0.858788
0.860842
0.859670
0.860991
0.861739
0.860869
0.862361
0.859353
0.862888
0.862290
0.861049
0.861149
0.861046
0.860017
0.861212
0.863596
0.861256
0.862632
0.863344
0.861790
0.861723
0.861601
0.860376
0.859921
0.861329
0.861088
0.861303
0.861225
0.860903
0.860228
0.860643
0.861506
0.860487
0.862266
0.860769
0.860576
0.862903
0.862934
0.862394
0.861524
0.861175
0.861472
0.859429
0.861257
0.860775
0.860491
0.860117
0.863312
0.860351
0.861351
0.860115
0.862268
0.861716
0.858788
0.858561
0.858285
0.859937
0.859194
0.859443
0.860258
0.860693
0.860563
0.860710
0.858869
0.860602
0.858739
0.859871
0.860149
0.858707
0.857774
0.861019
0.860734
0.861192
0.860788
0.861251
0.860110
0.861155
0.861834
0.859632
0.859663
0.861273
0.859190
0.859988
0.862642
0.861442
0.861186
0.859406
0.861332
0.863150
0.861215
0.861613
0.860718
0.860756
0.859771
0.860355
0.861145
0.860906
0.861106
0.861352
0.859861
0.860413
0.860243
0.862771
0.860112
0.860233
0.861206
0.861353
0.861308
0.861768
0.863577
0.862151
0.864156
0.862430
0.861234
0.860181
0.860957
0.859946
0.856642
0.858375
0.860222
0.860988
0.861609
0.859672
0.861894
0.862512
0.861925
0.859615
0.860552
0.862499
0.861642
0.861366
0.860195
0.862028
0.859784
0.860485
0.860824
0.861539
0.861058
0.861939
0.861725
0.863313
0.860124
0.860987
0.860997
0.860678
0.860455
0.862118
0.860277
0.860668
0.859855
0.860079
0.860727
0.861141
0.859714
0.861579
0.860600
0.860454
0.860289
0.860433
0.862704
0.861464
0.861048
0.860907
0.860271
0.861393
0.860933
0.860171
0.862663
0.860062
0.859064
0.858721
0.859814
0.861377
0.860126
0.859465
0.859841
0.861687
0.860522
0.861697
0.858319
0.860262
0.860183
0.861379
0.859143
0.860248
0.861487
0.858567
0.860667
0.860872
0.859496
0.861010
0.861885
0.861504
0.860139
0.860150
0.861448
0.860891
0.863148
0.862052
0.859871
0.862039
0.861077
0.862724
0.859472
0.859275
0.861801
0.861570
0.861360
0.861389
0.861812
0.861001
0.861805
0.860784
0.860588
0.859410
0.861024
0.862750
0.861834
0.861479
0.861525
0.861238
0.861323
0.861348
0.859914
0.861532
0.861042
0.861458
0.861406
0.861265
0.860480
0.860572
0.860471
0.860705
0.858584
0.858701
0.861063
0.863122
0.861674
0.860733
0.860665
0.861930
0.861342
0.862128
0.858718
0.860196
0.858541
0.859814
0.860114
0.862048
0.859669
0.860502
0.860216
0.859045
0.860415
0.863132
0.860799
0.860556
0.860816
0.861837
0.861631
0.861061
0.858579
0.860965
0.861463
0.860553
0.861473
0.861113
0.860967
0.862662
0.861149
0.862065
0.859346
0.860657
0.859752
0.859112
0.859015
0.860610
0.862225
0.861229
0.860753
0.859067
0.861661
0.860983
0.860254
0.858734
0.858634
0.858784
0.860531
0.861787
0.861136
0.861153
0.861044
0.860978
0.862245
0.860811
0.861433
0.860305
0.859983
0.860839
0.860279
0.859970
0.860736
0.860160
0.860944
0.862519
0.862754
0.861132
0.862455
0.861258
0.861774
0.860492
0.859860
0.861200
0.860514
0.860529
0.860275
0.860631
0.861824
0.860622
0.859977
0.860014
0.860801
0.859872
0.860534
0.861990
0.860973
0.862219
0.861191
0.859976
0.860589
0.861009
0.861054
0.859609
0.859501
0.860074
0.860845
0.861128
0.860230
0.861651
0.860666
0.860061
0.861091
0.860289
0.860893
0.860476
0.861044
0.859993
0.860651
0.861180
0.860532
0.860733
0.860002
0.860649
0.860316
0.860438
0.860245
0.861458
0.859945
0.859031
0.861282
0.860839
0.860704
0.859698
0.861136
0.860199
0.863373
0.861830
0.860562
0.860323
0.861309
0.862029
0.860561
0.860751
0.860927
0.860615
0.859819
0.859573
0.860912
0.861234
0.861984
0.861336
0.861071
0.860908
0.861937
0.862277
0.861794
0.862245
0.862646
0.860725
0.862009
0.860928
0.861352
0.860369
0.860378
0.862351
0.861557
0.859460
0.859684
0.860848
0.861411
0.860955
0.861876
0.861179
0.859862
0.861380
0.862504
0.861484
0.860493
0.861213
0.861007
0.859618
0.860968
0.860742
0.860170
0.862078
0.861076
0.859404
0.860837
0.861514
0.860145
0.860313
0.860183
0.860433
0.862476
0.860516
0.861449
0.861003
0.859714
0.860889
0.861294
0.860165
0.860473
0.860158
0.862272
0.859389
0.861642
0.860127
0.858485
0.860177
0.859704
0.859227
0.858894
0.860593
0.860404
0.861281
0.860519
0.860022
0.858994
0.860688
0.860425
0.861587
0.859585
0.860365
0.861472
0.861408
0.859898
0.859586
0.861105
0.860976
0.863141
0.860856
0.862133
0.863189
0.861940
0.862591
0.861859
0.861491
0.862754
0.859096
0.860474
0.861636
0.862436
0.860246
0.859350
0.860254
0.859523
0.860984
0.859593
0.858708
0.858864
0.859947
0.860431
0.859406
0.861010
0.859120
0.859867
0.861052
0.862060
0.861611
0.860223
0.858884
0.860014
0.859615
0.860836
0.861028
0.862693
0.860437
0.860880
0.861442
0.860457
0.862161
0.859208
0.861790
0.861003
0.861561
0.861511
0.860745
0.861763
0.860077
0.862079
0.860307
0.859733
0.860695
0.860805
0.860291
0.861003
0.861239
0.860887
0.861401
0.862124
0.860569
0.860110
0.859303
0.860024
0.861011
0.860095
0.862804
0.860384
0.862074
0.861989
0.861036
0.860571
0.860935
0.860540
0.861425
0.859486
0.859392
0.860365
0.860209
0.859633
0.861991
0.861112
0.861502
0.860935
0.862298
0.861425
0.861339
0.861985
0.860107
0.861177
0.861364
0.860314
0.860766
0.861153
0.860226
0.859349
0.859645
0.860419
0.861017
0.860890
0.858444
0.860400
0.860263
0.859518
0.859674
0.861472
0.862603
0.859585
0.859690
0.860322
0.860147
0.860309
0.859401
0.859828
0.858911
0.860324
0.860171
0.860634
0.860725
0.861985
0.861163
0.861920
0.861305
0.861872
0.860898
0.861568
0.861179
0.861478
0.860311
0.862342
0.859781
0.861931
0.861816
0.860819
0.861656
0.861868
0.860172
0.859937
0.861946
0.860022
0.859996
0.861786
0.860644
0.860095
0.859845
0.859236
0.860054
0.861710
0.862569
0.860101
0.861491
0.861413
0.861809
0.859529
0.860081
0.861685
0.861313
0.859887
0.860770
0.861984
0.860803
0.859490
0.860312
0.860560
0.860834
0.860860
0.860434
0.860821
0.861481
0.861796
0.860613
0.862129
0.860426
0.861385
0.861252
0.860654
0.859685
0.860514
0.860613
0.861334
0.861634
0.862496
0.860110
0.859769
0.861027
0.859794
0.861649
0.860600
0.860120
0.859587
0.861473
0.862528
0.861801
0.860796
0.860917
0.861148
0.860034
0.858585
0.860335
0.860702
0.859357
0.861190
0.860696
0.862266
0.861053
0.862018
0.861860
0.859508
0.860339
0.860478
0.860496
0.861277
0.862419
0.861424
0.860848
0.861414
0.863185
0.861046
0.861748
0.860375
0.861772
0.862246
0.861239
0.862211
0.860865
0.860138
0.860120
0.860184
0.860098
0.859236
0.860399
0.859462
0.859785
0.860024
0.858936
0.861769
0.860184
0.859416
0.859998
0.860228
0.861180
0.860680
0.861462
0.862405
0.861791
0.860375
0.859661
0.860134
0.861780
0.862350
0.861197
0.861832
0.861941
0.862493
0.863255
0.861057
0.860270
0.861556
0.860945
0.862017
0.860601
0.860436
0.862624
0.862440
0.862253
0.861709
0.861175
0.862559
0.863195
0.859907
0.859714
0.859569
0.861294
0.860670
0.860264
0.858431
0.861576
0.859321
0.860330
0.858873
0.860937
0.860801
0.860937
0.860010
0.858981
0.860410
0.859775
0.861320
0.860182
0.861373
0.862268
0.861247
0.859572
0.861074
0.860830
0.858918
0.860906
0.859905
0.862157
0.862433
0.861038
0.860229
0.862219
0.860971
0.860931
0.860504
0.861556
0.859558
0.861380
0.862929
0.860169
0.860490
0.860205
0.860226
0.860509
0.859226
0.860446
0.861144
0.862162
0.860751
0.860514
0.859946
0.861471
0.861303
0.862016
0.861015
0.862419
0.860610
0.862673
0.861070
0.861213
0.861580
0.860143
0.862519
0.859767
0.859859
0.859718
0.861487
0.861743
0.861877
0.863028
0.860316
0.860235
0.860585
0.860987
0.861277
0.861108
0.860807
0.860114
0.861300
0.860114
0.860736
0.861546
0.860578
0.862216
0.860450
0.861558
0.860696
0.861693
0.860598
0.860466
0.861534
0.861926
0.862297
0.859831
0.860256
0.860822
0.861204
0.861264
0.860515
0.861595
0.860558
0.860653
0.861885
0.862037
0.861124
0.861035
0.861737
0.863009
0.860391
0.859812
0.860662
0.860838
0.861995
0.861604
0.860893
0.859930
0.860373
0.862299
0.860979
0.859558
0.859563
0.860309
0.861517
0.861195
0.861602
0.862694
0.862698
0.860551
0.860379
0.860789
0.862025
0.861350
0.860045
0.861084
0.861528
0.860311
0.860674
0.861734
0.860907
0.862520
0.862541
0.862047
0.859964
0.860742
0.860741
0.859894
0.862324
0.860979
0.861841
0.861625
0.861889
0.863121
0.862413
0.861210
0.860717
0.860550
0.860643
0.861788
0.861195
0.860235
0.861521
0.860694
0.859760
0.859352
0.861099
0.860852
0.859793
0.858448
0.858908
0.859758
0.861536
0.861358
0.861657
0.860832
0.858551
0.860273
0.861319
0.859958
0.860359
0.860245
0.860103
0.861327
0.860017
0.860462
0.859948
0.858688
0.860851
0.860397
0.861688
0.861549
0.860866
0.860842
0.859036
0.860273
0.860548
0.862410
0.861140
0.860298
0.859416
0.859510
0.860413
0.861396
0.861417
0.860651
0.859568
0.860618
0.860646
0.860948
0.860811
0.861840
0.862085
0.863071
0.861910
0.860754
0.860738
0.861274
0.859141
0.861135
0.861063
0.860883
0.862350
0.862098
0.861245
0.859877
0.862290
0.860784
0.861891
0.862359
0.859766
0.861017
0.862690
0.862131
0.862316
0.860491
0.861839
0.862077
0.862011
0.862631
0.862231
0.862117
0.860392
0.862908
0.860589
0.861536
0.859826
0.862091
0.860955
0.860936
0.860980
0.860303
0.860861
0.862506
0.862335
0.860335
0.860507
0.860113
0.861096
0.861006
0.861823
0.860901
0.861895
0.861826
0.862736
0.862669
0.860983
0.860082
0.860490
0.860438
0.861261
0.861970
0.863333
0.861171
0.860664
0.861174
0.861915
0.860668
0.862424
0.859519
0.861866
0.860659
0.860133
0.860206
0.858775
0.858420
0.860277
0.860342
0.860605
0.860698
0.861176
0.860863
0.861685
0.861638
0.862715
0.862096
0.861205
0.860542
0.860587
0.861013
0.861845
0.862260
0.860307
0.862567
0.862286
0.860680
0.858221
0.859784
0.859495
0.861066
0.860522
0.859539
0.861270
0.860784
0.860300
0.860767
0.860590
0.862771
0.861231
0.860215
0.860799
0.861319
0.861450
0.861186
0.861104
0.861036
0.861295
0.860928
0.860628
0.860844
0.862631
0.859657
0.859840
0.862231
0.860951
0.858918
0.857507
0.859791
0.860568
0.858105
0.859167
0.859265
0.860629
0.859044
0.860511
0.860543
0.861013
0.860791
0.862324
0.861921
0.861463
0.861556
0.862931
0.862182
0.860960
0.862214
0.861199
0.861260
0.860771
0.861501
0.862983
0.862987
0.860569
0.861561
0.861000
0.860171
0.861489
0.861001
0.860352
0.860937
0.859989
0.859352
0.859281
0.859368
0.859944
0.858117
0.859400
0.860398
0.862443
0.860973
0.860477
0.860676
0.861121
0.860461
0.860609
0.861754
0.862081
0.862040
0.862905
0.863282
0.861629
0.860380
0.861744
0.861523
0.858256
0.859816
0.860128
0.858506
0.858456
0.860113
0.861427
0.860601
0.858990
0.861587
0.861008
0.861704
0.861688
0.861201
0.861525
0.859057
0.859024
0.860996
0.861912
0.859703
0.859609
0.861110
0.861084
0.859117
0.859108
0.861541
0.860861
0.862126
0.860489
0.864103
0.861581
0.860403
0.859184
0.861679
0.861007
0.860236
0.861109
0.861262
0.859840
0.861405
0.859933
0.860421
0.860607
0.859836
0.859493
0.860914
0.860623
0.859572
0.859716
0.861997
0.861479
0.862010
0.860394
0.861060
0.861182
0.860569
0.862248
0.861620
0.859573
0.860961
0.860370
0.860938
0.860704
0.860382
0.860208
0.860393
0.861388
0.860250
0.860045
0.859179
0.859397
0.860486
0.859893
0.862053
0.860381
0.861355
0.860834
0.859298
0.861400
0.861006
0.860005
0.860463
0.862443
0.861261
0.860481
0.861925
0.861074
0.861942
0.860329
0.859088
0.859865
0.860120
0.860579
0.861041
0.860889
0.860159
0.859534
0.860005
0.860556
0.860281
0.861102
0.861714
0.861271
0.860413
0.861532
0.860862
0.860644
0.860681
0.862348
0.861462
0.860075
0.861319
0.863066
0.859947
0.862291
0.863593
0.859942
0.859776
0.862382
0.861559
0.862202
0.861385
0.860773
0.862131
0.862080
0.861642
0.860187
0.858875
0.859704
0.861807
0.861705
0.861153
0.860869
0.861313
0.859005
0.859375
0.860749
0.861254
0.859603
0.861226
0.861393
0.859944
0.860994
0.861765
0.859634
0.860296
0.862768
0.862259
0.860164
0.859875
0.862120
0.861701
0.859708
0.860974
0.861090
0.862534
0.860754
0.861897
0.862310
0.860516
0.861406
0.861009
0.862058
0.861726
0.860518
0.860796
0.859741
0.860580
0.862917
0.859299
0.861052
0.860215
0.860031
0.859906
0.860568
0.859049
0.860628
0.859889
0.860484
0.860147
0.861868
0.859263
0.861214
0.858166
0.858177
0.860210
0.860383
0.859726
0.859147
0.859976
0.859660
0.861187
0.861556
0.861124
0.861858
0.860125
0.861557
0.861262
0.860054
0.861521
0.859759
0.860876
0.860424
0.859908
0.860635
0.860307
0.862453
0.861910
0.861647
0.862593
0.861353
0.861808
0.859976
0.859888
0.862441
0.860846
0.861134
0.859881
0.859404
0.860975
0.860608
0.859308
0.862160
0.860422
0.861102
0.860101
0.859365
0.860263
0.861902
0.861029
0.862161
0.860569
0.861757
0.860939
0.859460
0.860965
0.863039
0.860378
0.860087
0.862282
0.860996
0.860582
0.859277
0.861345
0.861176
0.861222
0.860439
0.862105
0.861334
0.861633
0.860781
0.861541
0.862049
0.862420
0.861990
0.860297
0.861299
0.862754
0.861519
0.861634
0.860052
0.860989
0.862334
0.861595
0.859660
0.860327
0.859669
0.860167
0.861881
0.861235
0.863627
0.862069
0.861460
0.863355
0.862077
0.862365
0.861623
0.860517
0.862692
0.860926
0.861022
0.860930
0.859410
0.860512
0.860269
0.859568
0.861212
0.860412
0.859694
0.860441
0.860117
0.859198
0.861036
0.861008
0.859781
0.860088
0.861210
0.861061
0.861645
0.861643
0.861333
0.861749
0.859137
0.861224
0.864179
0.861847
0.861671
0.861714
0.862890
0.862406
0.860914
0.862113
0.859987
0.861815
0.862357
0.860099
0.861074
0.860243
0.860923
0.860374
0.858922
0.859966
0.861108
0.859800
0.861574
0.861464
0.861885
0.860913
0.859498
0.861022
0.860156
0.859260
0.859557
0.860382
0.859550
0.859491
0.859593
0.862745
0.860879
0.859268
0.860345
0.861709
0.860885
0.859201
0.860821
0.860606
0.862166
0.861502
0.861386
0.861085
0.861261
0.861378
0.860247
0.861038
0.861103
0.859858
0.860962
0.861320
0.860798
0.861338
0.861610
0.860763
0.861745
0.860517
0.860212
0.859719
0.862770
0.862226
0.861572
0.859947
0.860053
0.862598
0.863016
0.860415
0.860870
0.861680
0.860181
0.861135
0.861172
0.860948
0.862550
0.860717
0.861143
0.859786
0.861796
0.862164
0.861712
0.861233
0.859770
0.863337
0.861284
0.862020
0.862371
0.860945
0.859344
0.862002
0.861414
0.862673
0.861012
0.861899
0.862953
0.861364
0.861842
0.861487
0.862515
0.859109
0.860523
0.861478
0.862122
0.861221
0.860982
0.861866
0.860894
0.860960
0.859333
0.860117
0.862518
0.860556
0.860925
0.860293
0.861658
0.860052
0.860096
0.860506
0.859533
0.861375
0.860474
0.862422
0.861014
0.862230
0.860094
0.860620
0.860881
0.860256
0.860248
0.859957
0.859875
0.860581
0.860448
0.859424
0.860912
0.860442
0.860865
0.861223
0.861256
0.860783
0.861770
0.862527
0.862248
0.860652
0.861804
0.860608
0.861047
0.861121
0.861119
0.859725
0.858775
0.860800
0.860619
0.858682
0.861294
0.859567
0.860495
0.859007
0.859292
0.861338
0.861987
0.861610
0.859966
0.861710
0.860514
0.860309
0.860742
0.861122
0.861033
0.861655
0.860489
0.859739
0.861669
0.861062
0.860982
0.861258
0.862837
0.859728
0.860498
0.861376
0.859670
0.860012
0.862315
0.862213
0.861338
0.860757
0.860885
0.860999
0.859834
0.859697
0.860045
0.861057
0.861723
0.861928
0.859803
0.860958
0.860995
0.861189
0.860621
0.861884
0.861600
0.861060
0.860431
0.861662
0.860222
0.858975
0.859779
0.863550
0.859384
0.859827
0.860642
0.859036
0.860603
0.861565
0.859819
0.860847
0.861215
0.860144
0.859122
0.860320
0.860993
0.860847
0.859451
0.859449
0.858349
0.861354
0.861772
0.862114
0.860700
0.862008
0.862054
0.861233
0.859770
0.860171
0.861521
0.861216
0.862474
0.861857
0.860371
0.861413
0.860185
0.860222
0.860970
0.860242
0.860246
0.860826
0.861190
0.860908
0.862285
0.860354
0.860435
0.859983
0.860758
0.860602
0.861076
0.862244
0.860415
0.862121
0.861466
0.860192
0.861056
0.861235
0.862174
0.860688
0.862394
0.860433
0.862465
0.861493
0.863099
0.860695
0.861887
0.860591
0.862344
0.859133
0.862024
0.860339
0.861913
0.862642
0.862435
0.861514
0.861771
0.862555
0.861791
0.860408
0.862150
0.860941
0.860862
0.859331
0.858912
0.860900
0.859590
0.859072
0.861612
0.860977
0.860616
0.861414
0.859487
0.861293
0.861028
0.860763
0.863896
0.861847
0.859974
0.860520
0.861203
0.861116
0.860963
0.861997
0.862006
0.860599
0.860950
0.860876
0.861998
0.860930
0.859804
0.860449
0.859837
0.859844
0.860738
0.860637
0.861714
0.861564
0.861944
0.862116
0.859687
0.862834
0.861800
0.861175
0.858927
0.861891
0.860536
0.860304
0.858255
0.859803
0.862211
0.859774
0.861528
0.859026
0.862106
0.860070
0.858787
0.860071
0.862418
0.862924
0.859186
0.861346
0.860386
0.860430
0.862973
0.861295
0.862747
0.861354
0.862318
0.861808
0.860596
0.861253
0.862947
0.860647
0.859659
0.861826
0.860092
0.862458
0.861186
0.862605
0.862192
0.859259
0.861776
0.860654
0.861961
0.859500
0.863126
0.861544
0.862100
0.861896
0.860946
0.862201
0.863688
0.861370
0.860246
0.860115
0.860218
0.860037
0.861720
0.860395
0.861745
0.860678
0.862437
0.860774
0.862764
0.861043
0.860330
0.861170
0.860592
0.860950
0.860567
0.859902
0.859407
0.860368
0.861194
0.860637
0.860445
0.861825
0.861217
0.860663
0.859640
0.861336
0.859690
0.860328
0.860967
0.861332
0.861715
0.861587
0.862970
0.861634
0.861313
0.861680
0.859611
0.863124
0.862640
0.862324
0.860668
0.860608
0.860217
0.858623
0.860713
0.861036
0.860902
0.859855
0.859977
0.859339
0.859358
0.858343
0.859223
0.860091
0.858022
0.859580
0.861758
0.859492
0.860861
0.860267
0.860865
0.860491
0.860721
0.860732
0.861252
0.862042
0.862989
0.860837
0.860005
0.859447
0.860096
0.860024
0.860756
0.860689
0.861985
0.861851
0.861149
0.860454
0.860106
0.859386
0.860406
0.860406
0.861215
0.862396
0.860655
0.862340
0.860895
0.861214
0.860109
0.860576
0.861889
0.860682
0.859956
0.859521
0.861381
0.859710
0.860116
0.861977
0.861511
0.860753
0.861060
0.858837
0.859775
0.860538
0.858920
0.859352
0.859780
0.859039
0.859371
0.859744
0.861216
0.860140
0.861803
0.861064
0.861079
0.859787
0.860080
0.857739
0.860649
0.858761
0.859216
0.857628
0.859152
0.858885
0.859170
0.859717
0.858495
0.860198
0.858882
0.858795
0.858413
0.859268
0.860951
0.859596
0.861104
0.859430
0.861275
0.860320
0.862519
0.861671
0.861365
0.860252
0.859980
0.860139
0.859561
0.859886
0.861100
0.861177
0.861534
0.862369
0.860584
0.861436
0.860253
0.860221
0.860773
0.861394
0.860682
0.862199
0.861149
0.861654
0.861829
0.860432
0.859583
0.860405
0.859246
0.860147
0.861739
0.861085
0.860478
0.861210
0.861507
0.860224
0.859542
0.861187
0.860327
0.858696
0.859577
0.860561
0.859737
0.861215
0.860980
0.859481
0.861997
0.861733
0.861331
0.861234
0.860568
0.860274
0.860844
0.862021
0.862646
0.860609
0.860664
0.861707
0.861008
0.860661
0.860947
0.860774
0.860436
0.860766
0.861567
0.860463
0.858829
0.859793
0.859706
0.857092
0.858489
0.859739
0.858938
0.859913
0.859268
0.861707
0.861188
0.860841
0.858816
0.860653
0.861723
0.861750
0.862289
0.861167
0.859078
0.860601
0.862689
0.862058
0.860501
0.861216
0.860626
0.860430
0.861388
0.861430
0.860469
0.861308
0.861260
0.862010
0.860310
0.861316
0.861471
0.861514
0.861449
0.861255
0.859905
0.860234
0.861190
0.861507
0.861332
0.859781
0.861590
0.860737
0.860951
0.862230
0.859823
0.859833
0.860572
0.862004
0.861813
0.861210
0.859947
0.860924
0.860052
0.860405
0.861213
0.859983
0.860869
0.860262
0.859112
0.859492
0.859464
0.860561
0.859877
0.861387
0.861808
0.861894
0.862472
0.861526
0.860656
0.862019
0.860503
0.863937
0.862153
0.862041
0.862005
0.859468
0.862199
0.862590
0.861672
0.862685
0.861885
0.862700
0.862761
0.861933
0.862916
0.861284
0.859802
0.860517
0.861096
0.860708
0.860884
0.862859
0.860596
0.861324
0.860999
0.858701
0.858250
0.860240
0.859779
0.861120
0.860882
0.860521
0.860406
0.861568
0.861360
0.861846
0.860698
0.861176
0.861318
0.860711
0.860856
0.860668
0.861260
0.861262
0.860386
0.862401
0.861572
0.862321
0.862236
0.859776
0.861098
0.862615
0.859917
0.861127
0.862786
0.862644
0.860909
0.861722
0.860023
0.861003
0.861599
0.859576
0.859942
0.859431
0.859799
0.859652
0.860721
0.861617
0.859622
0.859426
0.861697
0.861254
0.860849
0.861132
0.859828
0.861595
0.860654
0.860129
0.860318
0.860823
0.861386
0.861242
0.859697
0.860519
0.860522
0.859524
0.860851
0.860844
0.861441
0.859975
0.860521
0.861587
0.860660
0.861909
0.861930
0.862033
0.862675
0.860488
0.860383
0.861420
0.861022
0.862498
0.862256
0.861199
0.861171
0.859726
0.860168
0.860266
0.862350
0.861183
0.862281
0.862620
0.861739
0.862286
0.861021
0.859862
0.861222
0.860582
0.860201
0.860297
0.859860
0.860708
0.860483
0.859380
0.858463
0.860559
0.860815
0.859606
0.859766
0.861569
0.858948
0.860456
0.860244
0.860588
0.859627
0.860701
0.861926
0.862445
0.862698
0.861116
0.860825
0.860845
0.860519
0.860194
0.861158
0.862010
0.860372
0.860451
0.859336
0.860412
0.859680
0.858078
0.858133
0.860937
0.860465
0.860947
0.860534
0.861408
0.861667
0.859217
0.862087
0.863167
0.861089
0.858726
0.859802
0.861265
0.860415
0.862081
0.860352
0.860803
0.859471
0.859075
0.860717
0.860999
0.859405
0.858975
0.862094
0.861108
0.861428
0.861660
0.861537
0.861465
0.860273
0.860609
0.860456
0.860886
0.863078
0.860137
0.859133
0.859344
0.858452
0.859701
0.860682
0.861237
0.859967
0.859798
0.858638
0.860107
0.861587
0.859227
0.860545
0.861903
0.861104
0.861156
0.860686
0.859240
0.860257
0.861195
0.859598
0.861172
0.858800
0.859545
0.859769
0.860676
0.859631
0.860530
0.861007
0.858988
0.859000
0.859145
0.860425
0.859961
0.859581
0.860139
0.858955
0.861270
0.860851
0.861272
0.861492
0.860501
0.861261
0.859213
0.858786
0.859993
0.861430
0.859197
0.859551
0.860646
0.859204
0.859681
0.859421
0.860793
0.861280
0.861179
0.861103
0.861375
0.861056
0.860424
0.860845
0.860703
0.861379
0.861581
0.861169
0.860827
0.862054
0.861820
0.860022
0.861546
0.860354
0.861416
0.859348
0.860353
0.860651
0.860391
0.861514
0.859508
0.859886
0.861274
0.859603
0.859127
0.859951
0.862742
0.859618
0.859908
0.863672
0.860626
0.861835
0.860641
0.858603
0.859954
0.861970
0.860026
0.859985
0.858995
0.863065
0.861426
0.861875
0.862860
0.860491
0.861269
0.858649
0.860267
0.862524
0.861360
0.860730
0.861375
0.861743
0.862054
0.861682
0.860594
0.862209
0.860619
0.862563
0.859885
0.860967
0.861348
0.860773
0.862738
0.860663
0.860281
0.862050
0.859629
0.860531
0.859896
0.858118
0.860328
0.860768
0.860272
0.859347
0.860790
0.862026
0.861134
0.860164
0.858970
0.861716
0.861975
0.861228
0.860537
0.860625
0.861708
0.860915
0.858706
0.861137
0.860168
0.860621
0.859914
0.860425
0.861061
0.859313
0.859766
0.858992
0.861470
0.860491
0.860792
0.861887
0.861234
0.860180
0.861362
0.860525
0.861736
0.862256
0.861597
0.860983
0.860410
0.861998
0.861690
0.861221
0.859219
0.857544
0.859745
0.860164
0.860232
0.861428
0.861085
0.859696
0.861897
0.860949
0.861687
0.860157
0.860060
0.860811
0.859707
0.860138
0.860716
0.859598
0.861349
0.860352
0.861631
0.859394
0.859720
0.861765
0.860888
0.861422
0.863077
0.861495
0.860406
0.861250
0.861690
0.861662
0.861600
0.862294
0.859882
0.860441
0.861107
0.861203
0.860545
0.862356
0.862811
0.859567
0.861022
0.861544
0.862094
0.861550
0.861476
0.861113
0.861841
0.862558
0.862256
0.860672
0.862058
0.861095
0.861601
0.862090
0.860293
0.862087
0.862203
0.861086
0.861244
0.862117
0.861279
0.861207
0.861614
0.860512
0.860966
0.860792
0.858811
0.859474
0.862767
0.860477
0.861586
0.864028
0.862348
0.862040
0.862577
0.861933
0.863000
0.862620
0.861997
0.860563
0.861819
0.861779
0.860113
0.861568
0.860881
0.858609
0.860554
0.859607
0.863363
0.862649
0.859237
0.860936
0.861326
0.861828
0.862039
0.862556
0.862696
0.862115
0.859003
0.860729
0.861045
0.863089
0.862357
0.862755
0.861302
0.860326
0.861214
0.861107
0.862418
0.862541
0.862008
0.860504
0.861476
0.860836
0.862261
0.862059
0.861261
0.861605
0.860660
0.861603
0.863376
0.862841
0.861274
0.861624
0.861334
0.860781
0.861533
0.862204
0.862105
0.860749
0.862406
0.860245
0.861878
0.860291
0.859193
0.859556
0.862515
0.859022
0.860399
0.861554
0.860285
0.860426
0.859851
0.861182
0.860686
0.861199
0.860774
0.860561
0.862611
0.860281
0.861157
0.860455
0.860637
0.861407
0.860080
0.863194
0.862147
0.861262
0.859496
0.861781
0.860670
0.860605
0.861193
0.861941
0.861785
0.859725
0.858901
0.862648
0.859796
0.861002
0.861250
0.861715
0.863592
0.861535
0.861406
0.859764
0.861422
0.860559
0.859970
0.862236
0.860875
0.860391
0.860208
0.860437
0.860030
0.860127
0.859206
0.860845
0.860439
0.861931
0.860745
0.860055
0.862168
0.861940
0.860571
0.859955
0.859126
0.859178
0.860229
0.859462
0.859875
0.859965
0.859788
0.860311
0.860122
0.861506
0.860182
0.860257
0.861607
0.861710
0.860834
0.859742
0.860832
0.861395
0.859062
0.861411
0.861252
0.862495
0.861949
0.861879
0.861388
0.861533
0.859903
0.860075
0.860878
0.861540
0.861924
0.861805
0.861603
0.860380
0.862615
0.862823
0.861903
0.862306
0.859721
0.862297
0.861498
0.862941
0.861354
0.860348
0.860766
0.862658
0.861030
0.859976
0.860171
0.858990
0.859899
0.859882
0.859282
0.859037
0.861633
0.859526
0.861795
0.860167
0.859725
0.860486
0.861142
0.861369
0.860818
0.861756
0.861052
0.860791
0.860609
0.858744
0.861749
0.861815
0.861992
0.861398
0.860746
0.859738
0.859653
0.861015
0.860705
0.860173
0.859721
0.860174
0.859187
0.860352
0.860758
0.859689
0.859191
0.861571
0.862578
0.862051
0.861100
0.860863
0.860075
0.859716
0.859573
0.861898
0.860375
0.860976
0.858962
0.860058
0.861888
0.860914
0.859933
0.860888
0.860386
0.860940
0.861834
0.860780
0.859115
0.861264
0.859532
0.859459
0.862810
0.860879
0.861969
0.860995
0.860728
0.860387
0.860656
0.862292
0.861702
0.860750
0.860577
0.859857
0.859615
0.860848
0.859987
0.859878
0.860810
0.858976
0.860174
0.861343
0.861123
0.860966
0.861693
0.861659
0.861020
0.859763
0.860770
0.860832
0.861173
0.861601
0.861539
0.860463
0.861385
0.861044
0.861969
0.861169
0.860874
0.860219
0.859452
0.860307
0.860125
0.859632
0.860506
0.860358
0.860678
0.860903
0.861422
0.859451
0.860909
0.860588
0.859739
0.858426
0.860329
0.861019
0.860266
0.860495
0.861103
0.861113
0.860628
0.860042
0.859925
0.860392
0.860434
0.861023
0.861559
0.860873
0.859090
0.861402
0.860170
0.860873
0.860309
0.860007
0.859173
0.859753
0.862171
0.861990
0.861826
0.860425
0.861451
0.860373
0.861376
0.860920
0.860928
0.862067
0.861410
0.861153
0.859079
0.860666
0.860463
0.860244
0.860337
0.860555
0.861590
0.860800
0.862798
0.861931
0.861226
0.861385
0.860500
0.859730
0.861836
0.860657
0.858721
0.862301
0.858803
0.859574
0.859477
0.860435
0.860921
0.861707
0.860924
0.861671
0.861684
0.860811
0.861718
0.860678
0.861212
0.860596
0.858911
0.860975
0.861625
0.861491
0.861994
0.860045
0.860104
0.862983
0.860611
0.862107
0.860000
0.864275
0.863891
0.862413
0.863374
0.861658
0.861025
0.859462
0.859732
0.862647
0.861701
0.861750
0.861448
0.861031
0.859771
0.861626
0.861324
0.861020
0.861136
0.861453
0.861279
0.859472
0.860649
0.860935
0.860975
0.859854
0.860564
0.861993
0.861151
0.860994
0.861421
0.861685
0.861568
0.860793
0.861847
0.861622
0.861341
0.862005
0.861618
0.861343
0.861546
0.861176
0.861272
0.859735
0.861168
0.860534
0.861947
0.859586
0.859510
0.860701
0.860989
0.860908
0.860156
0.860264
0.861513
0.860440
0.859719
0.861303
0.860899
0.860754
0.861305
0.860306
0.860419
0.859791
0.861433
0.861278
0.861158
0.863484
0.862807
0.861011
0.863844
0.861656
0.862146
0.862126
0.862961
0.861032
0.861248
0.860132
0.860412
0.859969
0.861609
0.860605
0.860749
0.859632
0.861055
0.859831
0.859470
0.861373
0.859977
0.859758
0.860616
0.861791
0.861418
0.861338
0.862399
0.861931
0.861142
0.862608
0.862113
0.861005
0.861208
0.861415
0.861234
0.862463
0.859741
0.861458
0.862120
0.860929
0.859161
0.860358
0.859894
0.859768
0.860263
0.861174
0.863259
0.860996
0.861944
0.861973
0.862105
0.861527
0.860305
0.861360
0.862741
0.860411
0.860770
0.860061
0.860640
0.861609
0.860812
0.860915
0.860643
0.859985
0.861921
0.860248
0.862346
0.859940
0.860167
0.859665
0.859793
0.858850
0.859128
0.859822
0.860997
0.860600
0.859713
0.861057
0.861406
0.860143
0.861640
0.860871
0.860749
0.861257
0.863356
0.860187
0.859555
0.861479
0.859457
0.860862
0.861232
0.860896
0.861875
0.860719
0.859111
0.861199
0.861822
0.860277
0.860934
0.860312
0.859825
0.860299
0.859911
0.862032
0.859222
0.861975
0.859316
0.861240
0.860054
0.861499
0.860818
0.861194
0.863049
0.862720
0.860476
0.861222
0.860824
0.861757
0.862016
0.859570
0.861324
0.861301
0.861394
0.860471
0.862023
0.860466
0.859776
0.860851
0.861895
0.861321
0.860381
0.860904
0.862933
0.860644
0.860911
0.860284
0.861408
0.861738
0.861094
0.861186
0.860595
0.860972
0.862028
0.861034
0.860530
0.862044
0.860344
0.860085
0.861999
0.862965
0.862760
0.861086
0.861414
0.862599
0.862836
0.861568
0.861870
0.862354
0.862226
0.861649
0.860757
0.861471
0.860896
0.858805
0.857683
0.859079
0.859811
0.860723
0.861041
0.861098
0.860676
0.861114
0.862686
0.861660
0.860627
0.861074
0.863955
0.862137
0.860881
0.860566
0.861542
0.861523
0.862127
0.861516
0.859167
0.858679
0.859567
0.860512
0.859222
0.861069
0.859215
0.862957
0.860835
0.860571
0.860256
0.861071
0.861379
0.861427
0.859474
0.862356
0.860227
0.863294
0.860637
0.859861
0.860555
0.860500
0.860840
0.861875
0.860799
0.861376
0.860392
0.859536
0.860454
0.860382
0.860516
0.860744
0.859900
0.859944
0.859439
0.860214
0.862027
0.861802
0.861358
0.861073
0.858675
0.860447
0.860238
0.860533
0.861876
0.860367
0.862559
0.862443
0.860067
0.861896
0.861203
0.861099
0.860538
0.860616
0.860425
0.861958
0.862890
0.861411
0.860835
0.860070
0.861220
0.861189
0.862301
0.860862
0.861618
0.861268
0.860567
0.859690
0.858553
0.859436
0.859761
0.861485
0.861713
0.861285
0.861210
0.861755
0.861011
0.861293
0.861718
0.861956
0.862660
0.862023
0.860397
0.861964
0.861393
0.860927
0.860629
0.859954
0.862209
0.860484
0.859627
0.861636
0.859713
0.860657
0.859797
0.858591
0.859210
0.860234
0.859657
0.861504
0.859376
0.860024
0.862001
0.861949
0.860620
0.861542
0.862313
0.862132
0.860877
0.858572
0.860347
0.862911
0.862086
0.859994
0.861047
0.860062
0.862000
0.860245
0.860798
0.860991
0.860601
0.860652
0.859652
0.859579
0.860968
0.859409
0.858575
0.859107
0.858607
0.861448
0.861392
0.861662
0.860972
0.861339
0.860125
0.858753
0.860852
0.861523
0.860954
0.860910
0.860806
0.861885
0.860028
0.861462
0.860518
0.859471
0.858925
0.859244
0.859987
0.858929
0.859350
0.861523
0.861477
0.861892
0.860900
0.861384
0.861888
0.861429
0.859367
0.860819
0.860097
0.860683
0.864178
0.861120
0.861252
0.861543
0.860989
0.861449
0.861280
0.861201
0.861362
0.861543
0.861665
0.861331
0.861158
0.862073
0.861859
0.862298
0.861051
0.860548
0.860431
0.861070
0.861283
0.861251
0.862417
0.859540
0.861432
0.860338
0.859026
0.859665
0.858851
0.861841
0.861726
0.859649
0.859755
0.859334
0.859412
0.863042
0.861107
0.860090
0.859595
0.861012
0.859325
0.862452
0.861548
0.861769
0.863189
0.861223
0.861544
0.859518
0.860483
0.859811
0.860617
0.860232
0.861281
0.862025
0.862016
0.862832
0.862847
0.861523
0.863249
0.863059
0.861897
0.861148
0.860518
0.862341
0.861264
0.861593
0.859122
0.861884
0.860918
0.860488
0.861377
0.862722
0.863689
0.861875
0.861103
0.861694
0.862433
0.861670
0.860550
0.861085
0.859977
0.860434
0.859527
0.859075
0.859316
0.860679
0.860713
0.859714
0.859134
0.861058
0.862233
0.860955
0.860294
0.861612
0.861168
0.859800
0.859501
0.862247
0.859783
0.862265
0.860341
0.861197
0.860104
0.860377
0.862978
0.860598
0.861309
0.861522
0.860824
0.862675
0.862172
0.861520
0.862211
0.860618
0.859725
0.859748
0.860609
0.860963
0.861451
0.861929
0.861931
0.860511
0.861195
0.861441
0.861351
0.861758
0.863584
0.861830
0.861493
0.861130
0.860638
0.861718
0.861210
0.862069
0.861780
0.862279
0.863727
0.861518
0.861284
0.861879
0.863479
0.860964
0.860260
0.861375
0.861666
0.861176
0.859486
0.859198
0.859530
0.860893
0.860276
0.859618
0.860685
0.861768
0.860662
0.861072
0.860861
0.862204
0.861435
0.860533
0.861679
0.860154
0.861422
0.860413
0.861152
0.861856
0.860736
0.859006
0.860399
0.862186
0.860829
0.861044
0.859878
0.859342
0.860992
0.861692
0.861386
0.861281
0.861335
0.860598
0.861049
0.859775
0.860560
0.860681
0.860704
0.861441
0.862302
0.861361
0.864058
0.861640
0.861094
0.860480
0.862434
0.861368
0.861884
0.861139
0.862111
0.861536
0.861799
0.861050
0.861150
0.861076
0.861486
0.858864
0.858934
0.860047
0.859669
0.861796
0.861370
0.858928
0.859911
0.857704
0.860247
0.858995
0.860621
0.860605
0.860437
0.859635
0.860292
0.863311
0.862832
0.861293
0.862490
0.860938
0.860726
0.860508
0.859561
0.861317
0.860833
0.860854
0.859191
0.861780
0.860554
0.861832
0.860281
0.861380
0.862966
0.862554
0.861924
0.861374
0.861191
0.860555
0.861968
0.859809
0.859875
0.859679
0.859651
0.861936
0.860406
0.862124
0.862515
0.860674
0.859583
0.860707
0.861544
0.861969
0.860153
0.860910
0.859101
0.860218
0.859091
0.860426
0.860111
0.859957
0.860054
0.861301
0.859700
0.862090
0.859894
0.860586
0.860993
0.862483
0.862421
0.861654
0.862881
0.861002
0.860691
0.860595
0.861393
0.861156
0.859759
0.863328
0.863017
0.862074
0.861428
0.861311
0.862293
0.859563
0.862372
0.860596
0.860807
0.860628
0.859521
0.861920
0.861887
0.861192
0.861168
0.860565
0.860716
0.861108
0.860610
0.860994
0.861061
0.860317
0.859834
0.861607
0.861955
0.861228
0.861007
0.861580
0.861026
0.859961
0.860216
0.858749
0.860315
0.861231
0.861054
0.860061
0.862095
0.859450
0.861955
0.862311
0.861583
0.861454
0.861931
0.863024
0.862744
0.861567
0.863611
0.862691
0.861705
0.861332
0.862242
0.860728
0.863408
0.860669
0.860542
0.860024
0.860386
0.861233
0.861287
0.861682
0.861474
0.860508
0.860631
0.860408
0.861316
0.860422
0.860242
0.860864
0.861029
0.860319
0.860047
0.860763
0.860758
0.859343
0.860274
0.861441
0.860408
0.861116
0.862517
0.861236
0.859722
0.860912
0.861270
0.862303
0.860699
0.859351
0.860900
0.859188
0.859760
0.861201
0.862304
0.859018
0.858205
0.861019
0.860289
0.860357
0.860307
0.862609
0.859888
0.860204
0.860264
0.860813
0.860601
0.859768
0.860471
0.860937
0.859556
0.859622
0.858556
0.859292
0.858245
0.859888
0.861002
0.861833
0.861867
0.862581
0.862023
0.862320
0.861371
0.859338
0.861597
0.861271
0.860321
0.859639
0.861598
0.860468
0.860846
0.861650
0.861687
0.862132
0.859140
0.859712
0.860225
0.861297
0.859540
0.860881
0.861633
0.862001
0.862374
0.862277
0.859869
0.862131
0.862203
0.859110
0.860552
0.861415
0.861390
0.862137
0.859979
0.860339
0.858713
0.860751
0.860971
0.860326
0.860753
0.859707
0.859917
0.858056
0.859519
0.860330
0.859721
0.859592
0.859263
0.860450
0.861593
0.862538
0.860533
0.860652
0.861627
0.861003
0.860692
0.860555
0.860031
0.860277
0.860788
0.860182
0.860652
0.860974
0.860072
0.861164
0.861856
0.863036
0.861495
0.862479
0.861890
0.861376
0.861529
0.862574
0.860611
0.861250
0.860714
0.862649
0.859412
0.859756
0.859271
0.860251
0.860928
0.860136
0.861187
0.861854
0.860099
0.859592
0.861154
0.863322
0.859617
0.860118
0.861290
0.860132
0.861222
0.859549
0.861228
0.861136
0.861159
0.861231
0.862028
0.860754
0.858606
0.860719
0.861314
0.861071
0.861924
0.860986
0.860491
0.859865
0.859434
0.861126
0.860014
0.859733
0.858739
0.858886
0.860649
0.859523
0.861455
0.860603
0.860242
0.862428
0.861074
0.861467
0.860260
0.859694
0.859002
0.861433
0.862869
0.861152
0.859504
0.860990
0.860552
0.860816
0.860346
0.861180
0.860606
0.860173
0.862553
0.859442
0.861255
0.862088
0.859337
0.861368
0.861851
0.860453
0.860912
0.860791
0.861474
0.860497
0.861078
0.862534
0.861776
0.861788
0.860220
0.861531
0.861898
0.862782
0.861492
0.861376
0.862098
0.861924
0.860013
0.857783
0.858607
0.860336
0.860731
0.860211
0.860662
0.860640
0.860788
0.861459
0.860153
0.859825
0.859920
0.862402
0.861787
0.861400
0.860739
0.862639
0.861447
0.860978
0.860814
0.860878
0.861873
0.862635
0.862558
0.861238
0.860846
0.862578
0.861162
0.861799
0.862241
0.860242
0.863142
0.863299
0.862916
0.862096
0.862263
0.861778
0.860882
0.860362
0.861024
0.862475
0.860968
0.860965
0.860264
0.862391
0.860853
0.860891
0.861311
0.860783
0.862614
0.859227
0.859490
0.860598
0.859682
0.860017
0.861381
0.860296
0.859766
0.859737
0.860679
0.860483
0.859252
0.861211
0.859592
0.860717
0.860733
0.860791
0.859810
0.860855
0.859576
0.861901
0.861001
0.860938
0.861813
0.860138
0.862104
0.860253
0.859942
0.861516
0.859561
0.861287
0.861643
0.862050
0.862019
0.861032
0.861042
0.860120
0.860418
0.860765
0.862420
0.861834
0.862240
0.861510
0.862345
0.860686
0.860983
0.859391
0.861418
0.861389
0.860403
0.860739
0.860672
0.859095
0.861178
0.859482
0.861759
0.861636
0.862997
0.861620
0.860166
0.860422
0.860611
0.863390
0.860903
0.860528
0.860454
0.860219
0.860478
0.860414
0.860294
0.860414
0.860447
0.860825
0.861241
0.861417
0.861040
0.862232
0.862703
0.861553
0.861845
0.860200
0.861706
0.862181
0.862418
0.861890
0.861205
0.861400
0.860324
0.860513
0.862483
0.862037
0.861887
0.860536
0.860585
0.862424
0.862563
0.862497
0.860708
0.862539
0.861048
0.861193
0.862309
0.861712
0.860061
0.858741
0.862075
0.862215
0.859994
0.860340
0.860102
0.861038
0.860859
0.861450
0.861795
0.861663
0.861996
0.861715
0.859665
0.860989
0.860971
0.862174
0.863244
0.862407
0.861761
0.861225
0.861689
0.860196
0.861374
0.862480
0.860157
0.859342
0.860957
0.861512
0.859901
0.859847
0.861466
0.860814
0.861168
0.860924
0.861980
0.862408
0.861236
0.860859
0.861747
0.862201
0.861450
0.860627
0.862455
0.861186
0.860538
0.861612
0.860210
0.861908
0.860154
0.860840
0.860521
0.862642
0.861326
0.860850
0.861415
0.860880
0.861811
0.863424
0.860744
0.863327
0.859815
0.861299
0.859956
0.862637
0.860894
0.862034
0.861510
0.862609
0.860619
0.862413
0.859392
0.860019
0.861625
0.859927
0.861772
0.859626
0.858761
0.860434
0.861173
0.860736
0.861958
0.860891
0.862266
0.860915
0.860907
0.860174
0.859605
0.859359
0.861287
0.861507
0.859339
0.860819
0.861910
0.861215
0.862108
0.859367
0.862078
0.861230
0.860004
0.859186
0.858703
0.860384
0.859345
0.860974
0.860175
0.858925
0.860596
0.860203
0.864280
0.864526
0.860940
0.860841
0.860815
0.858904
0.861285
0.861825
0.861004
0.859038
0.859894
0.860841
0.860831
0.861236
0.861010
0.862361
0.861494
0.861162
0.863388
0.862256
0.863370
0.861020
0.861624
0.860994
0.859480
0.860379
0.860696
0.860369
0.862149
0.860182
0.860633
0.861869
0.860792
0.860308
0.860019
0.859606
0.859328
0.861158
0.860869
0.859414
0.859344
0.861068
0.858050
0.861024
0.860103
0.860544
0.860931
0.860647
0.861731
0.860534
0.860953
0.862409
0.861346
0.861233
0.861524
0.861277
0.863208
0.862621
0.861896
0.860874
0.861690
0.860396
0.859221
0.860149
0.861095
0.862490
0.861293
0.862322
0.862364
0.861266
0.862086
0.861357
0.860840
0.861300
0.859720
0.860289
0.861003
0.862646
0.859351
0.858898
0.861206
0.860587
0.862893
0.860189
0.861485
0.860191
0.859954
0.859504
0.859493
0.860701
0.861817
0.861912
0.860907
0.859348
0.860609
0.859689
0.859442
0.861119
0.861045
0.861972
0.860972
0.861502
0.861153
0.861138
0.861661
0.860537
0.861028
0.859886
0.859210
0.860364
0.859605
0.860397
0.860827
0.860455
0.858855
0.860421
0.859334
0.858235
0.860247
0.860271
0.862677
0.860149
0.860871
0.860092
0.859872
0.859190
0.861153
0.862456
0.861439
0.862224
0.862427
0.862606
0.862205
0.861705
0.862385
0.862577
0.859615
0.861626
0.861842
0.862956
0.861801
0.861592
0.861150
0.863275
0.862526
0.862685
0.861474
0.859761
0.861579
0.859793
0.861127
0.859606
0.859453
0.862122
0.860049
0.859683
0.861258
0.862153
0.860423
0.861223
0.860928
0.862585
0.861290
0.862117
0.861271
0.861950
0.861623
0.859994
0.860938
0.860502
0.861032
0.861731
0.861922
0.860919
0.860319
0.859906
0.861190
0.860761
0.859924
0.861372
0.860781
0.861220
0.862313
0.861210
0.861085
0.861387
0.860706
0.860342
0.859953
0.860440
0.860852
0.861171
0.859497
0.860489
0.861871
0.862520
0.860482
0.860341
0.860959
0.859760
0.860223
0.861901
0.861069
0.861459
0.861579
0.861842
0.861409
0.861788
0.860109
0.863079
0.861533
0.860915
0.861789
0.861700
0.860756
0.861539
0.858882
0.862961
0.861228
0.861246
0.860973
0.859735
0.861887
0.860840
0.862206
0.860798
0.862300
0.861205
0.861094
0.860855
0.861360
0.859895
0.861136
0.862578
0.860386
0.860242
0.860024
0.861867
0.862894
0.862072
0.861956
0.862436
0.861686
0.860250
0.860608
0.862115
0.860474
0.859751
0.861949
0.862954
0.864045
0.862232
0.863149
0.860483
0.861516
0.861596
0.861436
0.861218
0.859355
0.861411
0.861898
0.860396
0.860633
0.862218
0.861635
0.860796
0.859867
0.858951
0.860315
0.859469
0.860892
0.861025
0.860212
0.860530
0.860871
0.860859
0.860725
0.859298
0.861089
0.859987
0.860607
0.860496
0.860862
0.861455
0.859835
0.860124
0.860751
0.859464
0.860520
0.860975
0.861299
0.861806
0.861192
0.861877
0.860293
0.860604
0.860174
0.860324
0.860776
0.861010
0.860574
0.861914
0.860633
0.861540
0.861279
0.859837
0.861198
0.859979
0.862230
0.861604
0.861921
0.861728
0.861513
0.859616
0.859566
0.860444
0.861010
0.860850
0.858481
0.859591
0.860875
0.861297
0.860766
0.860778
0.860548
0.859347
0.861401
0.859504
0.861456
0.859720
0.859550
0.859618
0.861625
0.860559
0.864033
0.861423
0.862312
0.860208
0.861753
0.860216
0.860931
0.862657
0.860820
0.860412
0.859322
0.859244
0.858904
0.860372
0.859986
0.863002
0.862530
0.861394
0.860411
0.861990
0.859335
0.860715
0.859947
0.860927
0.859761
0.858460
0.860536
0.860612
0.861713
0.860706
0.858613
0.859112
0.858927
0.861190
0.860605
0.860040
0.861295
0.860009
0.860834
0.860213
0.860907
0.860470
0.860908
0.861758
0.861147
0.861769
0.859758
0.861140
0.862151
0.862052
0.860675
0.861378
0.861356
0.861672
0.860371
0.861937
0.862315
0.861247
0.861005
0.860285
0.861221
0.861226
0.859862
0.861231
0.859941
0.860630
0.858390
0.859462
0.859732
0.861011
0.860616
0.859459
0.861114
0.860999
0.862463
0.860445
0.861154
0.861712
0.860988
0.862527
0.860924
0.861099
0.859919
0.860792
0.860614
0.860805
0.860595
0.861263
0.860644
0.862493
0.861671
0.860203
0.859926
0.860029
0.860560
0.859509
0.861121
0.861809
0.861524
0.861308
0.859797
0.861742
0.863473
0.861149
0.862321
0.860094
0.861685
0.862415
0.863641
0.860482
0.861374
0.861425
0.862652
0.860935
0.860881
0.861999
0.862072
0.860106
0.861866
0.860566
0.858497
0.860803
0.861127
0.862367
0.860736
0.860768
0.861389
0.860678
0.858960
0.860380
0.860768
0.861082
0.859885
0.862405
0.861350
0.862831
0.861198
0.861826
0.859202
0.860677
0.860006
0.861835
0.860505
0.862001
0.861841
0.860986
0.862423
0.862179
0.860551
0.861557
0.861332
0.860106
0.858636
0.860556
0.861662
0.861234
0.861994
0.862124
0.861488
0.861279
0.860265
0.861672
0.861962
0.860322
0.859648
0.861066
0.860721
0.860459
0.860692
0.860337
0.860016
0.861046
0.860586
0.860147
0.860944
0.863302
0.861012
0.860309
0.861560
0.861517
0.860008
0.859156
0.860950
0.859067
0.860260
0.860315
0.862691
0.861640
0.861704
0.862663
0.860340
0.860779
0.863699
0.860401
0.860957
0.862419
0.859101
0.861202
0.860200
0.860977
0.860514
0.859924
0.862169
0.859451
0.860047
0.858192
0.860508
0.861165
0.860957
0.861442
0.861891
0.860231
0.861865
0.859467
0.859356
0.860485
0.859836
0.861443
0.861391
0.861180
0.861935
0.861318
0.860004
0.860654
0.861908
0.859918
0.862559
0.860927
0.860661
0.859213
0.859854
0.860021
0.860634
0.861719
0.861717
0.859929
0.861058
0.861343
0.861579
0.863109
0.861749
0.862916
0.861317
0.860742
0.862017
0.861887
0.861864
0.861375
0.862358
0.862983
0.860737
0.861021
0.860513
0.859427
0.860678
0.861836
0.861739
0.861221
0.860070
0.861838
0.861815
0.861641
0.861680
0.860155
0.860736
0.860612
0.860980
0.860513
0.862527
0.859232
0.860917
0.860177
0.860564
0.861679
0.862309
0.860688
0.860574
0.860253
0.859909
0.861115
0.861740
0.861126
0.860080
0.860725
0.861119
0.860382
0.859422
0.861352
0.861057
0.860314
0.860453
0.861764
0.861078
0.858911
0.858164
0.860758
0.861616
0.861861
0.859905
0.861817
0.861930
0.862074
0.862497
0.861635
0.862834
0.860999
0.860120
0.860721
0.860378
0.860306
0.861266
0.860698
0.861383
0.862037
0.860838
0.861425
0.861862
0.859112
0.859034
0.860761
0.861417
0.860062
0.863149
0.861877
0.861926
0.861256
0.861659
0.861557
0.862525
0.861420
0.861644
0.860191
0.860622
0.861094
0.861577
0.861357
0.861241
0.862276
0.862195
0.862849
0.859705
0.862217
0.862067
0.861034
0.860510
0.860897
0.860998
0.858711
0.858579
0.861813
0.861252
0.862255
0.860928
0.859430
0.861853
0.860447
0.861746
0.862903
0.860542
0.861719
0.862414
0.860750
0.861040
0.859826
0.862964
0.861901
0.861180
0.861365
0.860803
0.861000
0.860698
0.861751
0.860978
0.860383
0.860204
0.860254
0.859272
0.861837
0.859630
0.860740
0.860121
0.862729
0.860773
0.861098
0.860419
0.859965
0.860849
0.861312
0.861214
0.861812
0.861537
0.861633
0.860762
0.861214
0.860270
0.860182
0.860853
0.862294
0.861322
0.859070
0.860454
0.860160
0.859799
0.858162
0.859953
0.860286
0.860899
0.860205
0.860158
0.860906
0.861867
0.862508
0.863466
0.861535
0.862595
0.861838
0.861917
0.862523
0.862329
0.864136
0.860731
0.862815
0.862189
0.861340
0.862299
0.862781
0.861664
0.862413
0.861649
0.861807
0.861128
0.860434
0.861801
0.860422
0.860710
0.860532
0.861511
0.861519
0.861945
0.861593
0.861059
0.862155
0.861586
0.861435
0.860458
0.861371
0.859418
0.861711
0.861736
0.862638
0.860941
0.863533
0.861831
0.860310
0.861328
0.861098
0.860117
0.861792
0.860221
0.862352
0.861474
0.860631
0.860675
0.859497
0.859086
0.860360
0.862386
0.859947
0.861173
0.859789
0.858886
0.859787
0.861940
0.861172
0.857762
0.860738
0.861322
0.861674
0.860565
0.860720
0.860395
0.860633
0.858163
0.859004
0.858417
0.860960
0.860871
0.860332
0.860465
0.860486
0.859993
0.860255
0.859343
0.860262
0.860228
0.861480
0.861452
0.860256
0.861105
0.860762
0.858745
0.860014
0.862470
0.861852
0.860904
0.860029
0.859630
0.860880
0.861269
0.862616
0.860100
0.860978
0.861713
0.860404
0.860366
0.861966
0.860469
0.860486
0.861291
0.858629
0.859628
0.861192
0.861937
0.862797
0.861567
0.860819
0.859899
0.860356
0.862023
0.861724
0.861657
0.862812
0.860057
0.860138
0.860560
0.861792
0.860573
0.858736
0.860311
0.860425
0.859365
0.859922
0.860569
0.863940
0.862852
0.861857
0.861249
0.861801
0.860826
0.861275
0.862625
0.861004
0.861279
0.861196
0.860469
0.859681
0.860900
0.860470
0.863691
0.861090
0.860719
0.860572
0.862058
0.860489
0.859778
0.859279
0.860616
0.860123
0.860597
0.860855
0.859413
0.858855
0.860392
0.861882
0.859414
