0.018593
0.035865
0.054300
0.071448
0.088074
0.104526
0.120170
0.135118
0.150337
0.165503
0.180410
0.194136
0.207418
0.221004
0.233420
0.246513
0.259256
0.271248
0.282684
0.293742
0.304590
0.316012
0.327230
0.337575
0.346961
0.356256
0.365117
0.373696
0.381499
0.389856
0.398656
0.407146
0.415620
0.423655
0.430793
0.437347
0.443870
0.451473
0.457819
0.464203
0.470790
0.477403
0.483644
0.489288
0.495597
0.500927
0.506502
0.511100
0.515937
0.521251
0.525744
0.530209
0.534916
0.539074
0.544112
0.548460
0.552387
0.556525
0.561019
0.565194
0.569836
0.574498
0.578253
0.581943
0.585849
0.588673
0.592683
0.596227
0.599929
0.603057
0.606541
0.610468
0.614020
0.616680
0.619732
0.623049
0.625761
0.628026
0.631085
0.633993
0.636024
0.639001
0.642094
0.644767
0.647347
0.649348
0.651799
0.653517
0.656435
0.658565
0.661583
0.663386
0.665481
0.667645
0.670199
0.673294
0.675379
0.678254
0.680270
0.682554
0.684445
0.686429
0.688062
0.690306
0.691853
0.693523
0.694978
0.697214
0.699300
0.700995
0.702594
0.704579
0.706757
0.708701
0.710884
0.711999
0.714149
0.715986
0.717277
0.719276
0.721128
0.722450
0.724218
0.724775
0.725971
0.727466
0.729108
0.730759
0.732493
0.733604
0.734871
0.736454
0.737678
0.739477
0.740595
0.741751
0.743150
0.744789
0.746075
0.747670
0.748769
0.749750
0.750595
0.751677
0.752961
0.754774
0.756775
0.757314
0.758694
0.759259
0.760654
0.762216
0.763633
0.764367
0.765674
0.765916
0.766915
0.767922
0.768805
0.770207
0.771200
0.772293
0.773439
0.774346
0.774827
0.775995
0.777061
0.777310
0.778534
0.779282
0.780318
0.781418
0.782378
0.783300
0.784848
0.785407
0.786528
0.786930
0.787619
0.788680
0.789411
0.790332
0.791220
0.791591
0.792649
0.793659
0.793921
0.794686
0.796117
0.796972
0.798126
0.798832
0.799354
0.799909
0.800160
0.800702
0.801353
0.802114
0.802423
0.803059
0.803555
0.804815
0.805021
0.805985
0.806222
0.806551
0.807347
0.807651
0.807881
0.808208
0.807986
0.808027
0.808808
0.809553
0.810241
0.811188
0.811575
0.811510
0.811452
0.811893
0.812905
0.813795
0.814548
0.815285
0.815251
0.815570
0.817183
0.817867
0.818314
0.818679
0.819729
0.819978
0.820527
0.821141
0.821069
0.821937
0.822529
0.822575
0.822381
0.823156
0.823882
0.824289
0.824558
0.825327
0.826087
0.826206
0.826390
0.826610
0.826882
0.827376
0.827254
0.828074
0.828151
0.828445
0.828485
0.828304
0.828136
0.828392
0.828642
0.828786
0.829064
0.829598
0.830003
0.829925
0.830248
0.831490
0.831910
0.831835
0.831887
0.832230
0.832363
0.832476
0.832940
0.833348
0.833842
0.833866
0.834589
0.834511
0.834251
0.834720
0.834355
0.834520
0.834563
0.835379
0.836028
0.836493
0.836465
0.836765
0.837057
0.836679
0.837227
0.837237
0.837344
0.837263
0.838132
0.837956
0.838354
0.838835
0.839224
0.839907
0.839427
0.840246
0.840124
0.840443
0.840451
0.840074
0.840135
0.840145
0.840359
0.840404
0.840353
0.840743
0.841014
0.841195
0.841367
0.842569
0.842578
0.842513
0.842429
0.842807
0.843418
0.843667
0.844396
0.844764
0.844890
0.844890
0.845296
0.845717
0.845523
0.845835
0.845598
0.846313
0.845759
0.845814
0.846057
0.846667
0.846955
0.847396
0.847784
0.847760
0.847831
0.848072
0.847582
0.847428
0.847047
0.846975
0.846990
0.847039
0.847749
0.847980
0.848195
0.847843
0.848542
0.848795
0.848296
0.848304
0.848380
0.848625
0.849038
0.848974
0.849248
0.848997
0.849567
0.849149
0.849132
0.849411
0.849048
0.849436
0.849248
0.849553
0.849279
0.849286
0.850038
0.850281
0.850601
0.850757
0.850574
0.851306
0.851716
0.851717
0.851400
0.851470
0.852223
0.852091
0.851690
0.851158
0.851595
0.851452
0.851314
0.850897
0.851701
0.851944
0.852075
0.851876
0.852092
0.851837
0.852159
0.851714
0.851784
0.851961
0.851925
0.852576
0.852352
0.852423
0.852932
0.852413
0.853128
0.853274
0.853219
0.853219
0.853651
0.853323
0.853454
0.853731
0.853949
0.854143
0.854346
0.854312
0.854976
0.854943
0.854802
0.854556
0.854535
0.854334
0.854051
0.854087
0.854366
0.854717
0.854768
0.854897
0.855141
0.854724
0.854640
0.854251
0.854247
0.853374
0.853899
0.853952
0.854646
0.854504
0.854536
0.854630
0.854887
0.854939
0.855704
0.856637
0.856752
0.856815
0.857622
0.856475
0.856665
0.856800
0.857105
0.857340
0.856797
0.857049
0.857408
0.857609
0.857526
0.857304
0.858035
0.857779
0.858025
0.857787
0.858169
0.857810
0.858182
0.857622
0.856576
0.856954
0.856625
0.856488
0.856565
0.857035
0.856849
0.857246
0.856730
0.856620
0.856678
0.856490
0.856565
0.856885
0.856622
0.857379
0.857123
0.856385
0.856204
0.855441
0.855938
0.856465
0.856301
0.856490
0.855804
0.855851
0.855793
0.856313
0.856411
0.857020
0.856881
0.857595
0.857344
0.857578
0.857097
0.857117
0.857354
0.857801
0.857889
0.858527
0.858135
0.858102
0.858652
0.858788
0.859172
0.859595
0.859794
0.860385
0.859938
0.859269
0.859100
0.858936
0.859027
0.858962
0.858626
0.859383
0.859361
0.859916
0.860392
0.860532
0.861234
0.861596
0.862019
0.861775
0.861531
0.861440
0.861146
0.860937
0.861070
0.860577
0.860569
0.860890
0.860173
0.860451
0.860628
0.860361
0.860175
0.860513
0.860393
0.860846
0.860925
0.861657
0.860923
0.861029
0.860686
0.860172
0.859965
0.859696
0.860126
0.860648
0.860631
0.860240
0.860094
0.860226
0.860514
0.859952
0.860150
0.859985
0.859828
0.860124
0.859836
0.858996
0.859177
0.859152
0.859858
0.860213
0.859890
0.859228
0.859650
0.859660
0.859830
0.860054
0.860095
0.860148
0.860561
0.860399
0.860794
0.860667
0.860756
0.860771
0.860664
0.860180
0.861076
0.861639
0.862293
0.861613
0.861061
0.861473
0.861670
0.861870
0.861798
0.861689
0.861234
0.861376
0.861013
0.860959
0.861256
0.861538
0.861377
0.860919
0.861385
0.861335
0.861861
0.862216
0.862293
0.862667
0.862886
0.863096
0.863491
0.863041
0.863001
0.862634
0.862472
0.862161
0.862475
0.862823
0.863252
0.863746
0.863707
0.863484
0.862638
0.862059
0.862319
0.862582
0.862812
0.862722
0.862515
0.862462
0.862412
0.862830
0.862149
0.862226
0.862000
0.862677
0.862006
0.861919
0.861842
0.861777
0.861705
0.861841
0.862781
0.862356
0.862223
0.862114
0.862549
0.862281
0.861656
0.861791
0.862042
0.862281
0.861907
0.862405
0.863207
0.862654
0.862479
0.863454
0.863521
0.863451
0.863625
0.863401
0.863338
0.863089
0.863017
0.863501
0.863293
0.863234
0.862792
0.862577
0.861685
0.862050
0.861391
0.861259
0.861361
0.861733
0.861228
0.861430
0.861443
0.861958
0.861325
0.861465
0.861738
0.861780
0.861931
0.861851
0.862059
0.862577
0.862816
0.862998
0.863320
0.862885
0.862874
0.862733
0.862932
0.862666
0.862201
0.862307
0.861517
0.861982
0.861940
0.861506
0.861861
0.861780
0.861679
0.862225
0.862342
0.862068
0.862481
0.862582
0.862601
0.862212
0.862041
0.862587
0.863552
0.863272
0.863898
0.863791
0.863205
0.863429
0.863232
0.862974
0.863446
0.863269
0.863451
0.863325
0.863225
0.863234
0.863397
0.863539
0.863639
0.864013
0.863923
0.863293
0.862545
0.862601
0.863149
0.863466
0.863670
0.863629
0.863024
0.863065
0.862731
0.863112
0.862993
0.863471
0.863500
0.863823
0.863607
0.863506
0.863209
0.863367
0.863092
0.862613
0.862658
0.862323
0.862249
0.862879
0.863367
0.864067
0.864297
0.864675
0.864670
0.864730
0.864717
0.864320
0.864759
0.864952
0.865167
0.864800
0.865140
0.865289
0.865451
0.865067
0.865542
0.865319
0.865415
0.864883
0.864970
0.864691
0.864751
0.864990
0.864833
0.864820
0.864739
0.864800
0.864271
0.864976
0.864613
0.864548
0.864262
0.864298
0.864199
0.864535
0.864846
0.864564
0.865006
0.865035
0.864767
0.865319
0.865425
0.865472
0.866111
0.866405
0.866827
0.866498
0.866335
0.867300
0.866622
0.866371
0.866113
0.865626
0.865439
0.866165
0.865878
0.865933
0.865810
0.865585
0.865673
0.865329
0.865412
0.865984
0.865805
0.865951
0.865611
0.866274
0.866437
0.866299
0.866526
0.866880
0.866534
0.865893
0.865596
0.866133
0.866681
0.866341
0.866013
0.865826
0.865884
0.865704
0.865525
0.866419
0.866273
0.866526
0.866690
0.866727
0.866683
0.866659
0.867083
0.867264
0.867425
0.867048
0.866752
0.865933
0.866450
0.865761
0.865997
0.866268
0.866309
0.866700
0.865943
0.865918
0.865931
0.866081
0.866086
0.866204
0.866270
0.866434
0.866173
0.866499
0.866961
0.866957
0.867145
0.866935
0.867386
0.867140
0.866582
0.866373
0.866082
0.865533
0.865559
0.865718
0.866074
0.865325
0.864792
0.864206
0.864345
0.863763
0.863881
0.864655
0.865394
0.864730
0.865272
0.865292
0.864678
0.864374
0.864349
0.864466
0.865048
0.864743
0.864166
0.863798
0.864593
0.865307
0.865712
0.865342
0.865395
0.864649
0.864853
0.864680
0.864252
0.864826
0.866095
0.866165
0.865573
0.865544
0.865889
0.866025
0.866695
0.867024
0.867340
0.867807
0.868004
0.867676
0.867766
0.867344
0.866587
0.866544
0.865942
0.865979
0.866098
0.867225
0.867173
0.867050
0.867417
0.867023
0.866398
0.865939
0.865762
0.866122
0.866603
0.865982
0.866115
0.866031
0.865682
0.865433
0.866008
0.865538
0.865482
0.865699
0.865239
0.865199
0.865616
0.865565
0.865651
0.865038
0.865709
0.866013
0.866006
0.866506
0.866791
0.866897
0.867172
0.867089
0.867190
0.867021
0.866769
0.867199
0.867203
0.866740
0.866518
0.866700
0.866472
0.866325
0.865912
0.865921
0.865942
0.865901
0.866740
0.866977
0.866786
0.866725
0.866650
0.865996
0.866678
0.866362
0.866753
0.866587
0.866557
0.866455
0.866927
0.866859
0.866905
0.866676
0.866852
0.866825
0.866708
0.866673
0.866755
0.866256
0.865907
0.866475
0.866811
0.867199
0.867564
0.867517
0.867217
0.867031
0.866710
0.866751
0.866664
0.866318
0.866781
0.866866
0.867537
0.867890
0.867893
0.867144
0.867276
0.866583
0.866247
0.866291
0.865589
0.864964
0.865506
0.865949
0.866054
0.865745
0.866401
0.866492
0.866803
0.866806
0.866956
0.866859
0.866696
0.865937
0.866007
0.866689
0.866732
0.866803
0.866947
0.866340
0.866440
0.866633
0.867549
0.867539
0.866569
0.866532
0.865973
0.866446
0.866801
0.866776
0.867165
0.867110
0.867198
0.866537
0.866594
0.866389
0.866431
0.866721
0.866491
0.866560
0.867093
0.867652
0.867343
0.867284
0.866687
0.866363
0.866814
0.866319
0.866629
0.866758
0.866611
0.867004
0.867528
0.867792
0.867501
0.867075
0.867272
0.867079
0.867522
0.867721
0.867656
0.868069
0.867872
0.867677
0.867926
0.868156
0.867835
0.867599
0.867323
0.867545
0.867278
0.867552
0.867741
0.867972
0.868018
0.868000
0.868089
0.867773
0.867997
0.868869
0.867953
0.868218
0.868071
0.868221
0.868267
0.867216
0.867278
0.867745
0.867083
0.867447
0.867924
0.868362
0.868558
0.868444
0.868457
0.868446
0.868665
0.868573
0.868313
0.868205
0.868050
0.868274
0.868353
0.868056
0.867452
0.866815
0.866765
0.867347
0.867116
0.867766
0.868148
0.868354
0.868126
0.867703
0.866757
0.866887
0.866429
0.866693
0.866515
0.866827
0.867319
0.867719
0.867140
0.866760
0.867173
0.866919
0.867345
0.867063
0.866872
0.866556
0.866877
0.866977
0.866604
0.866312
0.866103
0.866060
0.866361
0.866706
0.866725
0.866354
0.865748
0.866202
0.866681
0.866620
0.865986
0.865947
0.866314
0.866458
0.865536
0.865205
0.865819
0.866027
0.866022
0.866734
0.867044
0.867152
0.867370
0.867725
0.867200
0.867910
0.867056
0.866998
0.867029
0.867565
0.867848
0.868165
0.868812
0.868994
0.869128
0.868515
0.868637
0.868571
0.868088
0.867353
0.867237
0.867099
0.867747
0.867866
0.867585
0.867541
0.867581
0.868220
0.867661
0.867308
0.867549
0.867362
0.867271
0.867143
0.867440
0.866872
0.867313
0.867987
0.868557
0.868331
0.868860
0.868686
0.868393
0.868278
0.867692
0.867798
0.867695
0.867381
0.867605
0.867397
0.866521
0.866211
0.866111
0.866595
0.866721
0.867178
0.867757
0.868144
0.868058
0.868542
0.868818
0.868845
0.869061
0.868725
0.867759
0.867766
0.867881
0.868151
0.868374
0.868758
0.868638
0.869217
0.869107
0.868778
0.868069
0.867974
0.867372
0.866820
0.866613
0.866488
0.866471
0.866216
0.866284
0.866199
0.866648
0.867079
0.866861
0.866878
0.866929
0.867028
0.866732
0.866588
0.866268
0.866103
0.866296
0.865755
0.866316
0.865939
0.865826
0.866045
0.865485
0.865531
0.865620
0.865503
0.865687
0.866387
0.866332
0.866304
0.866239
0.866299
0.865831
0.866742
0.866522
0.866917
0.866687
0.866856
0.867511
0.866972
0.866842
0.866817
0.866553
0.867474
0.866869
0.866817
0.866606
0.866791
0.866552
0.866866
0.867478
0.867895
0.867832
0.868172
0.868037
0.867698
0.867029
0.867794
0.868032
0.867806
0.867513
0.867187
0.866822
0.866345
0.867029
0.867428
0.867449
0.867897
0.867057
0.867112
0.866643
0.866584
0.867010
0.867633
0.867171
0.867056
0.867079
0.867258
0.867343
0.867838
0.867310
0.867152
0.866526
0.866307
0.866438
0.866405
0.866244
0.866377
0.866453
0.866763
0.867612
0.867340
0.867402
0.867312
0.867306
0.867336
0.867009
0.866953
0.866790
0.866902
0.866979
0.866897
0.867273
0.866691
0.867395
0.867551
0.867386
0.867587
0.867345
0.866922
0.867028
0.867708
0.867352
0.867326
0.867676
0.868200
0.868299
0.868228
0.868292
0.868279
0.868278
0.868327
0.867477
0.867530
0.867599
0.867071
0.866726
0.866350
0.865898
0.866157
0.866432
0.867173
0.867588
0.867415
0.867038
0.867386
0.867588
0.867424
0.868238
0.868406
0.868386
0.868802
0.868943
0.869008
0.868392
0.868621
0.868398
0.867942
0.867275
0.867208
0.867286
0.866554
0.866219
0.866267
0.866648
0.867156
0.866724
0.866422
0.866403
0.866589
0.866726
0.866366
0.866513
0.866400
0.866687
0.866554
0.867022
0.866863
0.867784
0.867745
0.867346
0.867073
0.868048
0.867954
0.867763
0.867792
0.868264
0.867889
0.867457
0.868042
0.867892
0.868005
0.867768
0.868119
0.867733
0.868284
0.867974
0.868204
0.867987
0.867493
0.867162
0.867122
0.867311
0.867785
0.867784
0.868186
0.867561
0.867201
0.866582
0.867373
0.867134
0.867044
0.866956
0.866770
0.867206
0.867523
0.867334
0.866878
0.866715
0.867064
0.867193
0.867012
0.866539
0.865986
0.866263
0.866595
0.866542
0.866200
0.866637
0.866557
0.866698
0.866759
0.866924
0.866979
0.867586
0.867617
0.867932
0.867523
0.867199
0.867338
0.866919
0.866551
0.866192
0.866490
0.867366
0.867104
0.866748
0.867046
0.867871
0.867508
0.867827
0.867537
0.867011
0.866974
0.866716
0.866389
0.866528
0.866991
0.866823
0.866573
0.866751
0.867259
0.867349
0.867698
0.868157
0.868014
0.868395
0.868228
0.868641
0.868495
0.868859
0.869063
0.868782
0.868678
0.869108
0.868884
0.868428
0.868156
0.868459
0.868101
0.867939
0.867557
0.867131
0.866955
0.867257
0.867604
0.867866
0.867893
0.867968
0.867636
0.867464
0.867749
0.867907
0.867777
0.867833
0.868614
0.868630
0.868606
0.868817
0.868869
0.868733
0.868380
0.868988
0.868501
0.867950
0.868147
0.867849
0.867158
0.867140
0.867151
0.867252
0.867332
0.867427
0.866697
0.866592
0.866618
0.866424
0.866452
0.866588
0.866644
0.866098
0.866658
0.867110
0.867115
0.867022
0.867228
0.866624
0.866952
0.866747
0.867332
0.867386
0.867485
0.868098
0.867523
0.867281
0.867576
0.866547
0.866136
0.866450
0.866615
0.866236
0.865855
0.865460
0.866142
0.866714
0.866112
0.866464
0.867106
0.866791
0.867239
0.866952
0.867618
0.867003
0.867204
0.867435
0.867822
0.867584
0.867013
0.866721
0.866594
0.866895
0.866711
0.866974
0.866726
0.866768
0.867189
0.867004
0.867622
0.867735
0.867479
0.867401
0.867340
0.867594
0.867669
0.867790
0.867393
0.867899
0.867647
0.867463
0.867708
0.868484
0.868906
0.869131
0.868687
0.868470
0.868699
0.869503
0.869241
0.869369
0.868936
0.868717
0.869098
0.869349
0.869561
0.868905
0.869218
0.868704
0.868526
0.868562
0.867893
0.868012
0.868579
0.868112
0.867723
0.867819
0.867632
0.867645
0.867880
0.868170
0.868094
0.868525
0.868307
0.868381
0.868620
0.868688
0.868366
0.867982
0.867424
0.867518
0.867045
0.867695
0.867927
0.868106
0.867696
0.867379
0.867535
0.867894
0.868067
0.867881
0.867464
0.867373
0.867026
0.867182
0.866846
0.867013
0.866810
0.867078
0.867265
0.866837
0.866391
0.866294
0.866687
0.866382
0.866482
0.865834
0.866406
0.866890
0.866241
0.866951
0.866379
0.866245
0.866433
0.866245
0.866146
0.866212
0.866289
0.865760
0.865663
0.865812
0.865772
0.865816
0.865814
0.865910
0.866018
0.866212
0.866037
0.866374
0.866176
0.867074
0.867255
0.867089
0.867420
0.868248
0.868562
0.868470
0.868499
0.868755
0.868642
0.868618
0.868288
0.867939
0.868708
0.868697
0.869068
0.868749
0.868446
0.868050
0.867969
0.867741
0.866966
0.866793
0.866729
0.866477
0.866376
0.866967
0.867687
0.868138
0.867967
0.868613
0.869190
0.869398
0.869258
0.868800
0.868716
0.868712
0.868980
0.868518
0.869008
0.869026
0.869367
0.869397
0.869920
0.869912
0.869708
0.869021
0.867858
0.868029
0.868022
0.868583
0.868852
0.868375
0.868166
0.867557
0.867968
0.867855
0.868048
0.868081
0.868480
0.867912
0.867928
0.867333
0.867731
0.867659
0.867868
0.867771
0.868046
0.868362
0.868375
0.868516
0.868420
0.868569
0.868629
0.868214
0.868749
0.868778
0.868527
0.868418
0.868370
0.868863
0.868523
0.868367
0.868129
0.868079
0.867954
0.867459
0.867353
0.867674
0.866853
0.867147
0.867150
0.867086
0.867029
0.867205
0.867887
0.868432
0.867818
0.868357
0.868159
0.868021
0.868111
0.867978
0.867972
0.868043
0.868490
0.868351
0.868125
0.868430
0.868351
0.868387
0.869045
0.868716
0.868425
0.868370
0.869086
0.869585
0.869336
0.868665
0.868148
0.867813
0.867306
0.867957
0.867334
0.867130
0.867110
0.867578
0.867876
0.867486
0.867632
0.868047
0.868599
0.869030
0.869236
0.869097
0.868982
0.869289
0.869391
0.869198
0.868353
0.868318
0.868654
0.869426
0.869370
0.868965
0.868555
0.869108
0.869377
0.869240
0.869146
0.869122
0.869229
0.868525
0.868497
0.868425
0.868032
0.867929
0.867556
0.867691
0.867763
0.867204
0.866853
0.867482
0.868035
0.867288
0.867201
0.867043
0.867512
0.867600
0.867794
0.867822
0.867637
0.867913
0.867876
0.867866
0.867361
0.867564
0.867431
0.867049
0.867349
0.868493
0.868472
0.868853
0.868728
0.868398
0.868268
0.868839
0.868375
0.868739
0.868361
0.868205
0.867882
0.867955
0.867935
0.868411
0.868464
0.868785
0.868676
0.868525
0.869186
0.869297
0.868848
0.868315
0.867837
0.868320
0.868527
0.868437
0.868156
0.868536
0.868301
0.868232
0.867876
0.867553
0.867861
0.868235
0.868387
0.869056
0.868161
0.868879
0.869128
0.869062
0.868949
0.869007
0.869223
0.868429
0.868283
0.868261
0.867746
0.867819
0.867879
0.867417
0.867453
0.867371
0.867289
0.867970
0.867948
0.868054
0.868068
0.868343
0.867915
0.867692
0.868470
0.868052
0.868073
0.867565
0.868386
0.869031
0.868777
0.868928
0.869284
0.869114
0.868856
0.868077
0.867574
0.867189
0.867464
0.867433
0.867523
0.867211
0.867678
0.867611
0.867603
0.867028
0.867195
0.867140
0.867898
0.867895
0.868078
0.867718
0.868265
0.867918
0.867801
0.867772
0.867854
0.868418
0.868029
0.867630
0.867618
0.867275
0.866956
0.866895
0.867435
0.866979
0.866658
0.867242
0.867226
0.867391
0.867439
0.868379
0.868288
0.868266
0.868503
0.869225
0.869047
0.869434
0.869761
0.869059
0.869850
0.869421
0.869472
0.869298
0.869291
0.869415
0.868915
0.868927
0.869123
0.867997
0.868236
0.868646
0.869185
0.869292
0.869235
0.869596
0.869242
0.869137
0.868646
0.868691
0.868458
0.869516
0.868942
0.868855
0.869050
0.869450
0.869126
0.869595
0.868867
0.868758
0.869346
0.869374
0.868913
0.868611
0.868662
0.868765
0.868726
0.869271
0.869277
0.868257
0.868255
0.868478
0.868249
0.868492
0.869095
0.869228
0.869337
0.869500
0.870048
0.869756
0.869364
0.869142
0.869964
0.869615
0.869397
0.869233
0.869433
0.869529
0.869339
0.869551
0.869687
0.869250
0.867950
0.868176
0.867863
0.868323
0.868941
0.869356
0.869435
0.869203
0.869633
0.870039
0.870525
0.870597
0.870329
0.870943
0.870283
0.870645
0.870490
0.870578
0.870726
0.870977
0.871495
0.871253
0.871389
0.870688
0.871437
0.871469
0.870848
0.870537
0.869872
0.869489
0.868993
0.868893
0.869131
0.869185
0.869469
0.869843
0.870505
0.869640
0.869346
0.869285
0.869220
0.869526
0.868875
0.868446
0.867963
0.868398
0.868272
0.867325
0.867560
0.867757
0.868360
0.868082
0.868153
0.868641
0.868728
0.869011
0.868784
0.868604
0.868142
0.867180
0.867444
0.868254
0.867921
0.867776
0.867514
0.867947
0.868226
0.868411
0.867809
0.868172
0.868234
0.868109
0.868317
0.867895
0.867714
0.867674
0.867767
0.867842
0.867785
0.867081
0.867069
0.867427
0.867651
0.867922
0.867742
0.867801
0.867259
0.867628
0.867871
0.869107
0.868906
0.868906
0.868962
0.869089
0.869378
0.868496
0.868927
0.868417
0.868183
0.868937
0.869217
0.869044
0.868878
0.868570
0.868325
0.868080
0.868094
0.867651
0.867821
0.868018
0.867996
0.868106
0.867524
0.867191
0.867327
0.867646
0.867647
0.867525
0.868125
0.867782
0.867153
0.867895
0.868298
0.868513
0.868957
0.868937
0.869060
0.869138
0.868586
0.868860
0.869276
0.868806
0.868698
0.868040
0.868335
0.868654
0.869080
0.868919
0.869023
0.869304
0.868742
0.868754
0.868266
0.868806
0.868407
0.868600
0.868957
0.868556
0.868526
0.868493
0.868498
0.868546
0.867708
0.867314
0.867598
0.868057
0.867960
0.867539
0.867868
0.868039
0.868455
0.868149
0.867939
0.867533
0.867556
0.867151
0.867159
0.867289
0.866971
0.866682
0.867142
0.867494
0.867634
0.867848
0.867912
0.868333
0.867972
0.868425
0.868420
0.868350
0.868021
0.868475
0.868993
0.869039
0.869087
0.869328
0.869170
0.870194
0.870198
0.870379
0.870462
0.870002
0.869700
0.869897
0.869917
0.870110
0.870206
0.869472
0.869677
0.869641
0.870034
0.870033
0.870040
0.869525
0.869303
0.868749
0.868315
0.868804
0.868556
0.868500
0.868486
0.867917
0.867681
0.868002
0.868159
0.867714
0.868339
0.868465
0.868696
0.868811
0.868948
0.869491
0.869685
0.869740
0.869686
0.870151
0.869222
0.869104
0.869536
0.869254
0.869653
0.869723
0.869536
0.869667
0.869583
0.869238
0.868855
0.868695
0.868572
0.867918
0.867444
0.867671
0.867776
0.867297
0.867172
0.867323
0.867084
0.866999
0.866649
0.866801
0.867271
0.867222
0.867645
0.867775
0.867431
0.867570
0.867591
0.867616
0.867721
0.868169
0.868800
0.869076
0.868676
0.869143
0.868566
0.868209
0.868033
0.868355
0.868899
0.868628
0.869051
0.868463
0.868375
0.868178
0.868174
0.868457
0.868520
0.868801
0.868381
0.867775
0.867442
0.867517
0.867286
0.867063
0.867239
0.866554
0.867040
0.867372
0.867034
0.866692
0.866617
0.866459
0.866585
0.866359
0.867079
0.867872
0.868338
0.868298
0.868012
0.868649
0.868068
0.868255
0.868065
0.867191
0.867371
0.867426
0.867816
0.867761
0.867924
0.868269
0.869028
0.868910
0.868436
0.868327
0.868545
0.868627
0.868391
0.868748
0.869052
0.868911
0.868992
0.868969
0.868701
0.868927
0.869454
0.869536
0.869249
0.868871
0.868405
0.869402
0.869341
0.869919
0.869360
0.869970
0.869381
0.869351
0.868995
0.869538
0.869927
0.870260
0.870066
0.870019
0.869697
0.870247
0.870283
0.870055
0.870174
0.870302
0.870025
0.869111
0.869012
0.868739
0.867966
0.868325
0.868999
0.868740
0.868646
0.868360
0.868756
0.869115
0.868949
0.869690
0.869768
0.869476
0.869867
0.869310
0.869131
0.868507
0.868729
0.868085
0.867978
0.868360
0.868090
0.868306
0.868730
0.868745
0.868887
0.868597
0.868634
0.868680
0.868732
0.868647
0.868451
0.868579
0.868800
0.869029
0.868812
0.868549
0.868574
0.868349
0.868673
0.868174
0.868325
0.868834
0.868180
0.867520
0.867631
0.868146
0.867730
0.867213
0.867466
0.868280
0.868062
0.868220
0.867980
0.867551
0.867641
0.868035
0.867779
0.868570
0.868657
0.868434
0.868387
0.868992
0.869025
0.869038
0.868711
0.868946
0.868679
0.868226
0.867757
0.868234
0.867767
0.867522
0.867617
0.867687
0.867553
0.868009
0.867767
0.868227
0.868222
0.868831
0.868672
0.869158
0.869935
0.869824
0.869195
0.869116
0.869406
0.869348
0.869205
0.869734
0.869860
0.869410
0.869184
0.869095
0.868602
0.868817
0.868551
0.869241
0.869058
0.868955
0.868939
0.868794
0.868816
0.868612
0.868500
0.868294
0.867905
0.867898
0.867988
0.867862
0.867775
0.867793
0.867311
0.867422
0.867678
0.867986
0.867967
0.867756
0.867214
0.867599
0.867458
0.868448
0.868948
0.869159
0.868743
0.868800
0.868156
0.868871
0.868535
0.867914
0.867888
0.867358
0.867352
0.867543
0.867858
0.867470
0.867422
0.868088
0.868972
0.868901
0.868955
0.868858
0.868390
0.868260
0.868158
0.868516
0.868046
0.867983
0.867957
0.868093
0.867791
0.867532
0.867399
0.867384
0.866996
0.866631
0.866376
0.867095
0.866795
0.867303
0.867027
0.867081
0.867846
0.868147
0.868174
0.868920
0.869246
0.869915
0.869398
0.869650
0.869845
0.869133
0.868857
0.869609
0.869265
0.869487
0.869079
0.869526
0.869600
0.869518
0.869606
0.870036
0.869760
0.869712
0.869542
0.870307
0.870368
0.870181
0.870351
0.870498
0.870331
0.869900
0.869420
0.869889
0.870215
0.870747
0.870719
0.870524
0.870097
0.870061
0.870119
0.869622
0.869821
0.869680
0.869579
0.869662
0.869968
0.869597
0.869475
0.869381
0.869307
0.869668
0.869227
0.869096
0.869283
0.869322
0.868690
0.869415
0.869494
0.869308
0.869196
0.869306
0.869273
0.869125
0.869097
0.868861
0.869185
0.869081
0.869147
0.868755
0.868568
0.869026
0.869108
0.868988
0.869183
0.869652
0.869149
0.869463
0.868759
0.868692
0.868846
0.869210
0.869065
0.869150
0.868854
0.868536
0.867922
0.867764
0.867847
0.868183
0.867666
0.867424
0.867051
0.867475
0.868069
0.868444
0.868657
0.869100
0.868565
0.868940
0.868731
0.868643
0.868278
0.867410
0.867307
0.867241
0.867078
0.866819
0.866394
0.866325
0.866650
0.866718
0.866608
0.866516
0.867645
0.866727
0.866692
0.866538
0.866825
0.866545
0.866327
0.866088
0.865997
0.866447
0.866160
0.865717
0.865408
0.865549
0.865848
0.866424
0.866841
0.867147
0.867254
0.866768
0.866850
0.867242
0.867392
0.867592
0.867644
0.867862
0.867820
0.867618
0.868062
0.868150
0.867726
0.867898
0.868048
0.868185
0.868162
0.867621
0.868149
0.868877
0.868738
0.867693
0.867998
0.867752
0.867650
0.867092
0.867181
0.867323
0.866956
0.866700
0.866360
0.866839
0.867076
0.867642
0.867340
0.867690
0.867776
0.867108
0.867501
0.867281
0.867698
0.867709
0.868015
0.867677
0.867853
0.868079
0.867600
0.868428
0.868308
0.868640
0.868458
0.868597
0.868423
0.868182
0.868285
0.867768
0.868244
0.868174
0.868992
0.869250
0.869476
0.869811
0.869704
0.869549
0.869893
0.869643
0.869796
0.869509
0.869167
0.869316
0.869777
0.869824
0.869954
0.869877
0.870125
0.870168
0.869552
0.869021
0.868565
0.869197
0.868703
0.868949
0.868508
0.868953
0.868721
0.869017
0.868690
0.868886
0.868831
0.869085
0.869618
0.869260
0.869213
0.869498
0.869519
0.869164
0.868868
0.868820
0.868619
0.869128
0.869317
0.869810
0.870389
0.870166
0.869521
0.869415
0.869784
0.870491
0.869921
0.870537
0.870328
0.870236
0.870030
0.870024
0.869408
0.869231
0.868929
0.868756
0.868530
0.868656
0.868660
0.869046
0.868916
0.868586
0.868862
0.868814
0.868562
0.868882
0.869392
0.869512
0.869432
0.869716
0.869750
0.870222
0.870536
0.870690
0.870199
0.870019
0.869822
0.869597
0.869382
0.869060
0.869218
0.869269
0.869781
0.870114
0.870251
0.870503
0.870546
0.870440
0.869992
0.869929
0.870334
0.869913
0.869665
0.869300
0.869108
0.870225
0.869626
0.869396
0.869421
0.869108
0.868803
0.868623
0.868642
0.869185
0.869308
0.869076
0.869276
0.869095
0.869086
0.869020
0.868873
0.868869
0.868984
0.868543
0.869029
0.868949
0.869279
0.869543
0.869523
0.869658
0.869399
0.868979
0.868728
0.868450
0.868596
0.868614
0.868754
0.868745
0.868748
0.868435
0.868573
0.868562
0.868592
0.867808
0.867845
0.866933
0.866862
0.867255
0.867179
0.866951
0.867198
0.868164
0.868917
0.868713
0.868093
0.868544
0.868358
0.867698
0.867221
0.867415
0.867303
0.867560
0.867272
0.866908
0.867133
0.868078
0.867411
0.867257
0.867856
0.868178
0.868181
0.868261
0.867930
0.868404
0.868592
0.868183
0.868042
0.868200
0.868566
0.868872
0.869341
0.869273
0.868833
0.868820
0.868488
0.868210
0.868567
0.867978
0.868080
0.868343
0.868548
0.868323
0.868309
0.868557
0.868984
0.868782
0.868621
0.868643
0.868105
0.868003
0.868146
0.868301
0.868262
0.868372
0.868421
0.868435
0.868262
0.867994
0.868123
0.867966
0.867491
0.867748
0.866983
0.867602
0.867964
0.868030
0.868624
0.867724
0.867750
0.868373
0.868125
0.868354
0.867959
0.867932
0.868025
0.868040
0.868406
0.867661
0.867193
0.867282
0.867404
0.867088
0.866870
0.867454
0.867582
0.867929
0.867622
0.867179
0.867405
0.866945
0.867769
0.867306
0.867412
0.868213
0.868106
0.868388
0.868656
0.868713
0.868691
0.869383
0.868974
0.868878
0.868453
0.868389
0.867603
0.867119
0.867326
0.867030
0.866787
0.867144
0.866773
0.867148
0.866970
0.867296
0.867073
0.867165
0.867384
0.867393
0.867968
0.867668
0.868076
0.868254
0.867987
0.868023
0.867506
0.867979
0.867533
0.867797
0.868230
0.868255
0.868801
0.868939
0.868778
0.868564
0.868167
0.868139
0.868425
0.868446
0.868103
0.868024
0.868217
0.868696
0.868600
0.868862
0.868473
0.868903
0.868223
0.868316
0.868132
0.868557
0.868634
0.868208
0.868538
0.868982
0.869253
0.869784
0.869841
0.869836
0.870040
0.869973
0.869902
0.869715
0.870007
0.870301
0.870285
0.871024
0.870760
0.871109
0.871397
0.871049
0.870812
0.871009
0.870672
0.870776
0.870830
0.870511
0.870502
0.869587
0.868744
0.868718
0.868758
0.868857
0.869318
0.868996
0.868336
0.867939
0.867978
0.868342
0.868581
0.868105
0.868562
0.868744
0.868304
0.868183
0.867811
0.867076
0.866855
0.867132
0.867266
0.866992
0.867312
0.868159
0.868826
0.868473
0.867695
0.867227
0.867544
0.867978
0.868032
0.868262
0.868419
0.867927
0.867829
0.868788
0.868470
0.869363
0.869318
0.869208
0.869191
0.869006
0.869008
0.869399
0.869742
0.870004
0.869574
0.869588
0.869311
0.869451
0.869985
0.869489
0.869738
0.869983
0.870460
0.869821
0.869681
0.869007
0.868884
0.868582
0.868594
0.868744
0.868895
0.869071
0.868773
0.868450
0.868675
0.868136
0.868601
0.868884
0.868631
0.868731
0.868020
0.867699
0.867740
0.868011
0.867691
0.867597
0.867987
0.868247
0.867493
0.867365
0.866988
0.867131
0.867631
0.868540
0.867844
0.868344
0.867931
0.868278
0.868539
0.869366
0.868926
0.869529
0.869457
0.869011
0.868480
0.868592
0.869412
0.869165
0.869109
0.869605
0.869744
0.869256
0.869492
0.869614
0.869894
0.869764
0.870052
0.869863
0.869452
0.869140
0.868901
0.868671
0.868550
0.868849
0.868241
0.867667
0.868248
0.868012
0.868063
0.868058
0.868381
0.868745
0.868505
0.869192
0.869115
0.869089
0.868865
0.868275
0.868236
0.867830
0.868066
0.867944
0.868541
0.868409
0.868327
0.868537
0.868256
0.868005
0.867953
0.867828
0.867855
0.867292
0.867359
0.866854
0.866999
0.867047
0.867523
0.867850
0.867442
0.867709
0.868087
0.868121
0.868527
0.868733
0.868683
0.868417
0.868811
0.868120
0.868347
0.868543
0.868811
0.869125
0.868917
0.869004
0.869000
0.869013
0.868718
0.869420
0.869206
0.868922
0.868485
0.868381
0.868874
0.868321
0.868559
0.868584
0.869502
0.869563
0.870023
0.869914
0.869905
0.869406
0.869659
0.869777
0.869841
0.870188
0.870099
0.869548
0.869826
0.869531
0.869225
0.869018
0.869001
0.869506
0.869461
0.868951
0.869069
0.868712
0.868853
0.869385
0.869822
0.869533
0.869541
0.869359
0.869037
0.869446
0.868853
0.868973
0.869084
0.869070
0.869183
0.868409
0.868757
0.868914
0.868976
0.868896
0.868418
0.868233
0.868406
0.868545
0.868396
0.868056
0.868333
0.867906
0.867393
0.866829
0.867052
0.867312
0.866995
0.867905
0.867714
0.868166
0.868183
0.868189
0.867899
0.868264
0.867883
0.868046
0.868360
0.868194
0.868623
0.868691
0.868535
0.868511
0.868731
0.868279
0.868207
0.868477
0.868401
0.867989
0.868038
0.868551
0.868875
0.868714
0.868957
0.867981
0.867716
0.868150
0.868103
0.867814
0.868135
0.868158
0.868580
0.868871
0.868771
0.869116
0.868758
0.868867
0.868773
0.868719
0.869756
0.869848
0.869927
0.869301
0.869283
0.869488
0.868962
0.869097
0.868758
0.868995
0.868596
0.868410
0.868568
0.869192
0.868597
0.868552
0.868979
0.869067
0.868984
0.869427
0.869617
0.869576
0.869819
0.869457
0.869405
0.869281
0.868636
0.868849
0.869165
0.868787
0.867780
0.867994
0.868578
0.868278
0.868316
0.867993
0.867880
0.867916
0.868526
0.869204
0.869001
0.868618
0.869066
0.868901
0.869286
0.868714
0.868320
0.868099
0.867911
0.867929
0.868115
0.867905
0.867990
0.868239
0.868226
0.868715
0.868573
0.869143
0.868777
0.869113
0.869066
0.869145
0.869604
0.869347
0.868945
0.869124
0.869332
0.869412
0.869442
0.868863
0.868478
0.868587
0.868662
0.868789
0.868373
0.868280
0.868161
0.868822
0.869067
0.869039
0.868481
0.868816
0.869074
0.868372
0.868444
0.868119
0.867813
0.867526
0.867139
0.866928
0.866709
0.866837
0.866537
0.867199
0.867149
0.867366
0.867098
0.867408
0.867674
0.867779
0.868408
0.868912
0.869148
0.869190
0.869345
0.869086
0.868707
0.869148
0.869165
0.869457
0.869722
0.869593
0.869523
0.869825
0.870190
0.869879
0.869943
0.870979
0.870039
0.870447
0.870450
0.869911
0.869360
0.869240
0.868731
0.868434
0.868300
0.868224
0.868750
0.868302
0.868205
0.868285
0.868074
0.867855
0.868433
0.868696
0.868993
0.869209
0.869937
0.869422
0.869652
0.868855
0.868934
0.869351
0.869361
0.869048
0.868810
0.868813
0.868559
0.868467
0.868614
0.868965
0.868981
0.868844
0.869061
0.869139
0.868960
0.869237
0.868910
0.868837
0.868631
0.869436
0.869377
0.869911
0.869731
0.869377
0.869825
0.870081
0.869864
0.870257
0.869790
0.869938
0.870149
0.869707
0.869802
0.869995
0.870144
0.870433
0.870277
0.870237
0.870284
0.869926
0.870286
0.870351
0.870401
0.870161
0.869917
0.870138
0.870099
0.869550
0.869309
0.868777
0.869305
0.869265
0.868873
0.868786
0.868584
0.868779
0.868374
0.868662
0.868509
0.868441
0.868559
0.868877
0.868319
0.868618
0.868555
0.868980
0.868407
0.867987
0.868146
0.868036
0.868774
0.868975
0.868702
0.868615
0.868673
0.868381
0.868147
0.868106
0.868016
0.868109
0.867868
0.867109
0.866724
0.866568
0.866584
0.866158
0.866849
0.866616
0.866864
0.866846
0.866629
0.866851
0.867475
0.868455
0.869081
0.868642
0.868658
0.867451
0.868220
0.867255
0.867414
0.867476
0.867613
0.867815
0.867822
0.868355
0.868868
0.869059
0.868660
0.868817
0.868271
0.868315
0.868021
0.868944
0.868594
0.868180
0.868566
0.868808
0.868632
0.868117
0.867593
0.867389
0.867230
0.867391
0.867100
0.867242
0.868094
0.868074
0.868192
0.867668
0.868202
0.867988
0.868593
0.868871
0.869068
0.868704
0.868709
0.868295
0.868256
0.868559
0.868277
0.868522
0.868006
0.868484
0.868571
0.868376
0.867943
0.867869
0.867618
0.867624
0.867808
0.867803
0.867588
0.867930
0.867484
0.868105
0.868461
0.868134
0.868149
0.867779
0.867868
0.868053
0.867909
0.867629
0.867472
0.867109
0.866865
0.866960
0.867272
0.867368
0.867240
0.867499
0.866910
0.866876
0.867151
0.866490
0.866568
0.866602
0.866099
0.866553
0.867007
0.866981
0.867615
0.867729
0.867844
0.867870
0.868176
0.868209
0.868852
0.869070
0.869860
0.870077
0.869753
0.869752
0.869360
0.869694
0.869670
0.869525
0.870194
0.870516
0.869799
0.869910
0.870176
0.870423
0.871090
0.870903
0.870159
0.870195
0.869640
0.869003
0.869626
0.869160
0.869765
0.869329
0.869499
0.869049
0.869007
0.868895
0.868751
0.868606
0.867763
0.867447
0.867295
0.867764
0.867381
0.868047
0.868084
0.867846
0.867213
0.867014
0.866711
0.866830
0.866493
0.866324
0.866213
0.866119
0.866643
0.867341
0.867009
0.867793
0.867466
0.867765
0.867875
0.867713
0.867786
0.867508
0.867305
0.867318
0.867595
0.868172
0.867690
0.867990
0.868537
0.869414
0.869001
0.868864
0.869213
0.869376
0.868842
0.868321
0.868468
0.868207
0.867549
0.868248
0.867912
0.867934
0.867216
0.868014
0.868305
0.868857
0.868575
0.868628
0.868801
0.868621
0.868826
0.868078
0.867725
0.867279
0.867721
0.867973
0.867709
0.867694
0.867718
0.867918
0.868232
0.868217
0.867946
0.868204
0.868284
0.867825
0.867700
0.867161
0.866975
0.867017
0.867520
0.867968
0.867964
0.867839
0.867862
0.868401
0.868662
0.869430
0.869683
0.869239
0.869891
0.870194
0.870309
0.870078
0.869816
0.869278
0.869671
0.869333
0.869062
0.868405
0.868632
0.868090
0.867807
0.868486
0.868274
0.868244
0.868788
0.868699
0.868720
0.868599
0.869179
0.869022
0.869580
0.869135
0.868970
0.868471
0.869060
0.868910
0.868034
0.868641
0.869026
0.869399
0.869118
0.869511
0.869215
0.869178
0.868575
0.868858
0.868423
0.868320
0.868423
0.868773
0.868640
0.868839
0.868908
0.868691
0.868849
0.868784
0.869193
0.868624
0.868645
0.868606
0.868752
0.869280
0.869154
0.869897
0.869911
0.869535
0.869589
0.869291
0.868663
0.868171
0.867984
0.867856
0.868105
0.868126
0.868064
0.868150
0.867790
0.867493
0.867567
0.867669
0.868229
0.867942
0.868414
0.868207
0.868781
0.868489
0.868729
0.868773
0.868714
0.868488
0.868620
0.868023
0.868165
0.868526
0.868727
0.869215
0.868802
0.868930
0.868397
0.868258
0.868832
0.868453
0.868211
0.868805
0.869223
0.868647
0.869308
0.869981
0.870209
0.869952
0.869267
0.869157
0.869684
0.870047
0.870192
0.869887
0.868964
0.869019
0.868577
0.868422
0.868348
0.868151
0.868499
0.868678
0.868869
0.868512
0.868601
0.867754
0.867921
0.867351
0.867936
0.867961
0.867792
0.867823
0.867956
0.868049
0.868092
0.868023
0.868164
0.868678
0.869164
0.868883
0.869334
0.869169
0.869708
0.869132
0.869059
0.868952
0.868787
0.868907
0.868851
0.868748
0.869040
0.869311
0.869041
0.869030
0.869483
0.869393
0.868800
0.868334
0.868028
0.868382
0.868093
0.868174
0.868673
0.868532
0.868776
0.868649
0.869021
0.868605
0.868421
0.868093
0.868393
0.867811
0.868428
0.868233
0.867799
0.868724
0.868754
0.868603
0.868716
0.868807
0.868556
0.868830
0.869223
0.869014
0.868523
0.868213
0.868433
0.868472
0.868763
0.868529
0.868099
0.868541
0.868865
0.869175
0.869497
0.869904
0.869321
0.869389
0.869090
0.868991
0.868859
0.869502
0.868856
0.868112
0.868569
0.869053
0.868957
0.868720
0.868811
0.868825
0.869615
0.869475
0.869439
0.869641
0.869677
0.869411
0.869212
0.869645
0.869312
0.869117
0.869018
0.868872
0.868973
0.868977
0.869166
0.869023
0.869224
0.869254
0.868955
0.869372
0.869495
0.869522
0.869853
0.870059
0.870035
0.870211
0.870393
0.870451
0.870029
0.869958
0.869745
0.870153
0.870363
0.870229
0.870178
0.870007
0.870465
0.869939
0.869761
0.869754
0.869501
0.869164
0.868614
0.868455
0.868951
0.868751
0.869194
0.868896
0.869005
0.869317
0.868969
0.868538
0.868224
0.867559
0.867578
0.867554
0.867807
0.867594
0.868176
0.868164
0.867713
0.867930
0.867976
0.868500
0.868818
0.868796
0.868461
0.869380
0.869802
0.869544
0.869819
0.869470
0.869257
0.869443
0.869800
0.870473
0.870926
0.871001
0.870441
0.870658
0.870829
0.871333
0.871377
0.871318
0.870805
0.870647
0.871159
0.870911
0.871307
0.871498
0.871902
0.870688
0.870693
0.870731
0.870850
0.870496
0.870694
0.870598
0.870340
0.870211
0.870047
0.870397
0.869998
0.869435
0.869750
0.869723
0.869551
0.869178
0.869072
0.869060
0.869444
0.869260
0.869112
0.868897
0.868601
0.868465
0.867759
0.868165
0.868026
0.868971
0.868577
0.868186
0.868684
0.868752
0.869374
0.869534
0.869761
0.869947
0.869508
0.869650
0.869493
0.869395
0.869079
0.868987
0.868880
0.868566
0.868975
0.868276
0.868082
0.868662
0.869112
0.869170
0.869123
0.869435
0.869763
0.869620
0.869320
0.868282
0.868362
0.867979
0.867908
0.868614
0.868202
0.868736
0.868646
0.868933
0.869198
0.869142
0.869324
0.868734
0.869072
0.868341
0.869229
0.869477
0.869251
0.869008
0.869138
0.868361
0.868444
0.868582
0.869157
0.869532
0.868826
0.869014
0.869080
0.868349
0.868720
0.868952
0.869624
0.869531
0.868913
0.868328
0.868621
0.868201
0.867604
0.867346
0.867449
0.868261
0.867970
0.868261
0.868229
0.868895
0.869237
0.868878
0.869306
0.868685
0.868760
0.868430
0.868175
0.868121
0.869121
0.868914
0.868919
0.869239
0.869017
0.868676
0.868249
0.867882
0.868032
0.868373
0.868263
0.868503
0.868381
0.868712
0.868985
0.868866
0.869264
0.869302
0.869659
0.869469
0.869230
0.868859
0.869154
0.869764
0.869983
0.870676
0.870902
0.871142
0.871258
0.871072
0.871193
0.871025
0.871160
0.871595
0.871877
0.871454
0.871816
0.871581
0.871046
0.870646
0.871468
0.871594
0.871635
0.870896
0.870812
0.871177
0.870981
0.870636
0.871190
0.871311
0.870794
0.870268
0.870404
0.870207
0.869991
0.870485
0.869980
0.870289
0.870221
0.869550
0.870007
0.869851
0.869630
0.870024
0.870148
0.869969
0.870232
0.870605
0.870424
0.870485
0.870410
0.869821
0.870558
0.870190
0.869935
0.870183
0.869739
0.869898
0.869927
0.869636
0.869846
0.869737
0.869405
0.869375
0.868990
0.868736
0.868839
0.868856
0.869516
0.869464
0.869109
0.868780
0.869022
0.869331
0.868766
0.869400
0.869177
0.868749
0.868980
0.869129
0.869258
0.868490
0.868526
0.868435
0.867767
0.867887
0.867435
0.867204
0.867010
0.867008
0.867337
0.867996
0.868656
0.868507
0.869057
0.868592
0.868006
0.868120
0.868296
0.868737
0.867964
0.867896
0.868082
0.868426
0.869180
0.868892
0.869026
0.869352
0.869684
0.869740
0.869896
0.869887
0.869798
0.869162
0.869128
0.869622
0.869102
0.868823
0.868590
0.868790
0.868526
0.867964
0.867877
0.868249
0.868616
0.868789
0.868730
0.868995
0.869402
0.869519
0.869057
0.869535
0.869718
0.870441
0.870355
0.869847
0.869627
0.869633
0.869450
0.869174
0.869248
0.869572
0.869486
0.869127
0.868819
0.868630
0.868861
0.869216
0.868594
0.868339
0.868406
0.868071
0.867774
0.868195
0.867772
0.867847
0.867924
0.868218
0.867966
0.868010
0.868127
0.868767
0.868812
0.869384
0.869388
0.869599
0.869195
0.869481
0.868521
0.869004
0.869145
0.869442
0.870219
0.870271
0.870100
0.869878
0.870030
0.870038
0.870559
0.870690
0.870620
0.870576
0.871187
0.871073
0.871356
0.871392
0.871186
0.870564
0.870164
0.870259
0.870340
0.870220
0.869449
0.869049
0.869223
0.869559
0.869346
0.868668
0.868912
0.868390
0.868639
0.868796
0.869254
0.869149
0.868767
0.869100
0.869086
0.868901
0.869486
0.869893
0.869638
0.869573
0.869176
0.868914
0.870030
0.869893
0.870565
0.870251
0.869784
0.870258
0.869898
0.869765
0.869363
0.869458
0.869106
0.869354
0.869072
0.868534
0.869061
0.868821
0.869124
0.868912
0.869475
0.869618
0.870275
0.870211
0.869556
0.869547
0.869831
0.869898
0.870257
0.870076
0.870332
0.869339
0.869915
0.869814
0.869996
0.869936
0.868824
0.868604
0.869053
0.868566
0.868596
0.869059
0.868660
0.868694
0.869031
0.869649
0.869412
0.869804
0.869141
0.869085
0.869105
0.869718
0.869968
0.870167
0.870026
0.869945
0.870019
0.869822
0.869551
0.869382
0.868985
0.868608
0.869026
0.868919
0.869722
0.870199
0.870766
0.870315
0.869957
0.870579
0.870807
0.870154
0.869865
0.869790
0.869842
0.870008
0.869639
0.869871
0.869684
0.869529
0.869481
0.868956
0.868412
0.868717
0.869056
0.869321
0.869146
0.868544
0.868550
0.868615
0.868654
0.868444
0.867841
0.867894
0.867745
0.867784
0.867708
0.867997
0.868270
0.868564
0.867927
0.868163
0.868319
0.868541
0.868851
0.868349
0.867868
0.867566
0.867725
0.868218
0.868042
0.868039
0.868947
0.868619
0.868776
0.868402
0.868718
0.868970
0.868960
0.868955
0.868535
0.868089
0.868462
0.868907
0.868417
0.868292
0.868259
0.868368
0.868082
0.868173
0.867810
0.868037
0.867735
0.868363
0.868164
0.868696
0.868380
0.868424
0.868459
0.868381
0.867825
0.868682
0.868650
0.868677
0.869240
0.869134
0.868403
0.868638
0.868463
0.868838
0.868919
0.868164
0.867857
0.867577
0.867782
0.868114
0.868262
0.868074
0.867830
0.868075
0.867827
0.868206
0.868294
0.867806
0.868362
0.867850
0.868048
0.867845
0.868422
0.868357
0.868305
0.868525
0.868809
0.868653
0.868586
0.869479
0.869404
0.869247
0.868844
0.868648
0.868620
0.868642
0.868876
0.869121
0.869479
0.870022
0.869674
0.870149
0.870365
0.870441
0.870433
0.869968
0.869705
0.869448
0.869876
0.869870
0.869529
0.869185
0.869235
0.868980
0.868797
0.869498
0.869097
0.868847
0.869247
0.869548
0.869256
0.869421
0.869156
0.869217
0.869390
0.869021
0.867546
0.867948
0.867901
0.867743
0.868226
0.868301
0.867727
0.867854
0.867801
0.868012
0.867774
0.867228
0.867459
0.867645
0.867303
0.867287
0.866882
0.866908
0.867370
0.866728
0.867283
0.866608
0.867100
0.867664
0.867680
0.868561
0.868754
0.868974
0.868327
0.868886
0.868739
0.869218
0.869330
0.869261
0.869951
0.869839
0.869783
0.869980
0.870187
0.870341
0.870208
0.870355
0.869986
0.869557
0.869771
0.869344
0.869331
0.869067
0.869219
0.869423
0.869378
0.869326
0.869762
0.869814
0.869757
0.869479
0.869344
0.869134
0.869051
0.869036
0.869182
0.869389
0.869043
0.869113
0.870006
0.869593
0.869629
0.869936
0.870312
0.870047
0.869893
0.870074
0.869484
0.869842
0.870040
0.869519
0.869689
0.869898
0.870172
0.870276
0.870518
0.870555
0.870628
0.870151
0.869986
0.870084
0.869321
0.869602
0.868949
0.869246
0.869093
0.869034
0.869201
0.869498
0.869884
0.869904
0.870382
0.869748
0.869164
0.869166
0.869030
0.868315
0.868541
0.868848
0.868946
0.868706
0.868696
0.869163
0.869321
0.869165
0.869434
0.869370
0.869054
0.869323
0.869672
0.870100
0.870162
0.870541
0.869915
0.869590
0.870121
0.870255
0.869793
0.870462
0.869866
0.869159
0.869042
0.868760
0.869004
0.869681
0.869947
0.870168
0.870097
0.870730
0.870315
0.869663
0.870034
0.870119
0.870688
0.870995
0.871219
0.871732
0.871419
0.871475
0.871037
0.871550
0.871439
0.871818
0.871632
0.871566
0.871109
0.870924
0.871039
0.870500
0.869871
0.869333
0.869537
0.869569
0.869662
0.869856
0.869134
0.868977
0.869132
0.869296
0.869236
0.869173
0.868935
0.869222
0.869154
0.870443
0.870427
0.870751
0.870573
0.870557
0.870756
0.870267
0.870011
0.869506
0.869909
0.870212
0.870398
0.870533
0.870436
0.870563
0.869863
0.869480
0.869480
0.869338
0.869244
0.869483
0.869584
0.869305
0.868865
0.869253
0.868857
0.868867
0.869497
0.869747
0.870586
0.870631
0.870768
0.870894
0.870772
0.871110
0.871346
0.870834
0.871062
0.870475
0.870190
0.870084
0.870363
0.870166
0.870194
0.870335
0.870178
0.869772
0.869530
0.869427
0.869745
0.869309
0.869741
0.869654
0.869935
0.869733
0.869819
0.869605
0.870010
0.869959
0.870096
0.870363
0.869873
0.870492
0.870258
0.869839
0.870544
0.870533
0.870988
0.871160
0.871529
0.871009
0.870814
0.870589
0.870494
0.870439
0.870403
0.870700
0.869937
0.869527
0.869288
0.869330
0.869339
0.869760
0.870012
0.869921
0.869966
0.869569
0.870267
0.870463
0.870254
0.870180
0.869686
0.869711
0.869057
0.869452
0.869568
0.869560
0.869088
0.868969
0.868881
0.869004
0.868657
0.868833
0.869455
0.868478
0.868492
0.868825
0.868049
0.867781
0.867184
0.866887
0.867104
0.867839
0.868287
0.868176
0.867652
0.867878
0.868152
0.868328
0.868205
0.868374
0.868256
0.868317
0.868308
0.868076
0.868059
0.868545
0.868072
0.868001
0.867499
0.868610
0.869497
0.869583
0.869766
0.869730
0.869410
0.869201
0.868937
0.869303
0.869124
0.869177
0.869465
0.870038
0.869910
0.870286
0.870181
0.870693
0.870800
0.871027
0.871217
0.871272
0.870566
0.869953
0.869998
0.869216
0.868940
0.869051
0.869266
0.869010
0.868847
0.869243
0.869004
0.869311
0.869351
0.869184
0.869055
0.868244
0.868320
0.868507
0.869164
0.869173
0.868733
0.868750
0.868221
0.868633
0.868590
0.868524
0.867882
0.868309
0.868214
0.868683
0.869178
0.869079
0.869286
0.868931
0.869127
0.868936
0.868872
0.869011
0.868620
0.869145
0.869453
0.869251
0.870031
0.869322
0.869449
0.869187
0.869776
0.870324
0.870085
0.869770
0.869694
0.869414
0.869376
0.868919
0.868870
0.869724
0.869596
0.869683
0.869268
0.869610
0.869610
0.870138
0.869456
0.869402
0.869472
0.869538
0.869585
0.869299
0.869436
0.869424
0.869917
0.869832
0.869509
0.869990
0.870575
0.871255
0.871349
0.871194
0.871029
0.870545
0.870551
0.870206
0.870700
0.870070
0.870292
0.869688
0.870030
0.870158
0.870076
0.870100
0.870003
0.869620
0.868962
0.869525
0.869297
0.869202
0.869170
0.869296
0.869621
0.869321
0.869463
0.869313
0.869367
0.869110
0.868961
0.869762
0.869520
0.869753
0.869981
0.869742
0.870268
0.869257
0.869376
0.869121
0.868892
0.869510
0.868738
0.868450
0.867717
0.868075
0.868543
0.868177
0.867959
0.868689
0.869239
0.868642
0.868746
0.868626
0.868433
0.868712
0.868574
0.868556
0.868570
0.869021
0.868827
0.868433
0.868326
0.868532
0.867891
0.867940
0.868067
0.867794
0.867820
0.867577
0.867829
0.868115
0.868685
0.869279
0.868975
0.869261
0.869393
0.869142
0.868934
0.869039
0.869414
0.869704
0.869604
0.869569
0.869264
0.870022
0.870495
0.870421
0.870206
0.869575
0.869578
0.869504
0.869871
0.869534
0.869623
0.869596
0.869707
0.869822
0.869990
0.870054
0.869707
0.869666
0.870161
0.869092
0.869366
0.868456
0.868501
0.868163
0.868438
0.868609
0.869157
0.869098
0.869305
0.869376
0.870255
0.869803
0.869198
0.869753
0.869378
0.868612
0.868980
0.868497
0.868288
0.868772
0.868354
0.868675
0.869357
0.869176
0.869270
0.869410
0.869095
0.868604
0.869205
0.869404
0.868706
0.869255
0.869532
0.869502
0.869550
0.869414
0.869215
0.868906
0.868988
0.868848
0.868526
0.869096
0.868582
0.868985
0.868872
0.868542
0.868604
0.868744
0.868947
0.869081
0.869614
0.869376
0.869285
0.869501
0.869211
0.869419
0.869148
0.869081
0.869472
0.868863
0.868583
0.868312
0.868339
0.868426
0.868498
0.868172
0.868388
0.868765
0.868678
0.867914
0.867672
0.867808
0.868283
0.868457
0.868923
0.868679
0.868451
0.868285
0.868229
0.869105
0.869018
0.869098
0.869759
0.869745
0.869701
0.870231
0.870743
0.870750
0.870886
0.870882
0.870208
0.870100
0.870498
0.870695
0.870821
0.871342
0.872511
0.871516
0.870937
0.870545
0.870319
0.869683
0.869680
0.869191
0.868937
0.868805
0.868317
0.868222
0.868799
0.868526
0.869478
0.869840
0.869180
0.869134
0.869504
0.869705
0.870059
0.870284
0.870924
0.870520
0.870596
0.870471
0.870225
0.870051
0.869659
0.869253
0.869046
0.869006
0.868817
0.868473
0.868500
0.868429
0.867902
0.868286
0.867929
0.867560
0.867600
0.867577
0.867826
0.867792
0.868461
0.867847
0.867684
0.867809
0.867913
0.867210
0.867069
0.867434
0.867836
0.867562
0.867687
0.868208
0.868420
0.868197
0.868155
0.868628
0.868660
0.868731
0.868984
0.868406
0.868176
0.868477
0.868900
0.868749
0.868890
0.868268
0.868299
0.868835
0.868688
0.868797
0.868886
0.868640
0.868662
0.868805
0.868677
0.868733
0.868739
0.868588
0.869292
0.869036
0.868905
0.869126
0.869668
0.869420
0.869303
0.869434
0.869801
0.869952
0.869535
0.869779
0.868978
0.869335
0.869896
0.869422
0.870005
0.869898
0.870049
0.869586
0.869755
0.869594
0.870088
0.870218
0.870477
0.870359
0.870266
0.871094
0.871026
0.871370
0.871634
0.871911
0.871022
0.871792
0.871372
0.870999
0.870443
0.870662
0.870346
0.870072
0.870150
0.870413
0.870115
0.869944
0.869786
0.869972
0.869830
0.870107
0.870602
0.870756
0.870516
0.870163
0.869547
0.869715
0.869372
0.868774
0.868700
0.868166
0.868462
0.868572
0.868722
0.868091
0.867821
0.868376
0.867806
0.868047
0.867335
0.867602
0.867106
0.867417
0.867542
0.867504
0.868053
0.867800
0.868382
0.867950
0.867711
0.867800
0.868477
0.868166
0.868157
0.868466
0.868202
0.868676
0.868673
0.868448
0.869461
0.869725
0.869516
0.869647
0.869857
0.869503
0.869652
0.869912
0.870345
0.870326
0.870367
0.869968
0.869894
0.870876
0.870005
0.869700
0.870103
0.870078
0.869692
0.869587
0.869681
0.869772
0.869271
0.869449
0.869419
0.869420
0.869368
0.869584
0.869520
0.868985
0.869061
0.868486
0.868430
0.868510
0.868821
0.868742
0.868643
0.868820
0.868688
0.869078
0.869382
0.869015
0.868477
0.869019
0.868616
0.868832
0.869588
0.869391
0.868929
0.868818
0.868792
0.868559
0.868380
0.868343
0.868087
0.867845
0.868082
0.868773
0.868794
0.868850
0.868956
0.869071
0.868840
0.868780
0.869064
0.869058
0.868981
0.869059
0.868783
0.868530
0.868885
0.868433
0.868369
0.868292
0.868352
0.868456
0.868284
0.867702
0.867298
0.868007
0.867895
0.868081
0.868593
0.868224
0.868473
0.868891
0.869783
0.870318
0.869172
0.869470
0.870154
0.870990
0.870661
0.870425
0.870216
0.869870
0.869697
0.869750
0.869749
0.870133
0.869533
0.869551
0.869827
0.869604
0.869487
0.869449
0.869677
0.869605
0.869877
0.869875
0.869842
0.869759
0.869238
0.869280
0.869043
0.869149
0.868973
0.869349
0.869735
0.869838
0.869114
0.868490
0.868643
0.868338
0.867887
0.868008
0.867777
0.868237
0.868779
0.869299
0.869160
0.869019
0.869454
0.869535
0.869180
0.869131
0.868565
0.868342
0.868217
0.867745
0.867623
0.867559
0.868112
0.868442
0.868200
0.867993
0.868404
0.868117
0.868460
0.868542
0.868514
0.867966
0.868478
0.868654
0.868432
0.868038
0.867898
0.868291
0.868692
0.868847
0.868623
0.868784
0.869740
0.870222
0.870658
0.870385
0.870094
0.870363
0.869977
0.870158
0.870568
0.869849
0.870365
0.870772
0.871512
0.871081
0.870813
0.870996
0.871199
0.870560
0.870340
0.870506
0.869810
0.869523
0.868912
0.869334
0.869515
0.869318
0.869672
0.870341
0.870178
0.869758
0.869758
0.869064
0.869000
0.869298
0.869362
0.868665
0.868640
0.869559
0.870098
0.870314
0.870531
0.870413
0.871004
0.870630
0.870365
0.870291
0.870710
0.871183
0.871260
0.870756
0.870676
0.870064
0.870794
0.870757
0.870473
0.870709
0.870290
0.870402
0.870398
0.870348
0.869903
0.870457
0.869752
0.869617
0.869334
0.869237
0.869301
0.868678
0.868544
0.868781
0.869067
0.869476
0.869358
0.869911
0.870060
0.869817
0.869883
0.869595
0.869467
0.869960
0.869862
0.870359
0.870210
0.869908
0.869963
0.869886
0.870010
0.870910
0.870259
0.870968
0.871214
0.871047
0.871278
0.871063
0.870869
0.871087
0.871257
0.870876
0.871106
0.871060
0.871100
0.871208
0.871546
0.871640
0.871314
0.870976
0.871275
0.871472
0.871290
0.871741
0.872122
0.871661
0.871428
0.871434
0.871088
0.871314
0.871030
0.870483
0.870071
0.870322
0.870067
0.870566
0.870702
0.870446
0.870287
0.870631
0.870429
0.870770
0.871432
0.871419
0.871266
0.870362
0.870081
0.870009
0.870428
0.870368
0.870925
0.871071
0.870935
0.870903
0.870486
0.870732
0.870386
0.870353
0.870600
0.871122
0.870790
0.870776
0.870875
0.870659
0.871210
0.870550
0.870496
0.870933
0.869921
0.870247
0.870011
0.869684
0.869781
0.869911
0.870695
0.871081
0.871089
0.871428
0.871750
0.871602
0.871437
0.871565
0.871858
0.871401
0.871198
0.870192
0.870219
0.870061
0.870393
0.870071
0.869848
0.869853
0.869697
0.869874
0.869344
0.869583
0.869306
0.869055
0.869579
0.869867
0.869978
0.870110
0.869706
0.869434
0.869721
0.869500
0.868986
0.868546
0.868618
0.868233
0.868158
0.868363
0.869023
0.869196
0.869134
0.869284
0.868996
0.870078
0.869307
0.869188
0.869161
0.869080
0.868938
0.869166
0.868956
0.868962
0.869363
0.869385
0.868927
0.868671
0.868732
0.869001
0.868571
0.869237
0.868910
0.868963
0.868628
0.868203
0.868019
0.868489
0.868746
0.868814
0.869094
0.869218
0.868693
0.868767
0.868783
0.868893
0.868840
0.869310
0.869536
0.869583
0.869387
0.869297
0.869683
0.869970
0.870154
0.869906
0.869418
0.868808
0.868717
0.869298
0.869098
0.869514
0.869930
0.870056
0.869466
0.869545
0.869285
0.868820
0.868917
0.869172
0.868995
0.868809
0.869099
0.868279
0.868379
0.869030
0.868635
0.868302
0.868291
0.867833
0.867808
0.868519
0.868621
0.868358
0.868774
0.868771
0.868924
0.868691
0.868448
0.867982
0.867605
0.867737
0.867636
0.868184
0.868460
0.868912
0.868734
0.868643
0.868893
0.868867
0.868758
0.868986
0.868889
0.868944
0.868993
0.869193
0.869180
0.869746
0.869676
0.869807
0.869309
0.869164
0.869375
0.869213
0.869695
0.869465
0.869279
0.869191
0.869509
0.869732
0.869973
0.870225
0.869972
0.870037
0.869715
0.869721
0.869643
0.869790
0.869341
0.870049
0.869822
0.869610
0.869547
0.869778
0.869199
0.869019
0.869104
0.869767
0.869529
0.869787
0.868724
0.868973
0.869731
0.869947
0.870473
0.870522
0.870693
0.870695
0.870975
0.871043
0.870740
0.871448
0.871220
0.870926
0.871056
0.870325
0.870392
0.869770
0.869820
0.869857
0.869821
0.869671
0.869570
0.869935
0.870155
0.870603
0.870652
0.871025
0.871355
0.871068
0.871032
0.870449
0.869895
0.869895
0.870314
0.870709
0.870114
0.869960
0.869528
0.869714
0.869556
0.869771
0.869350
0.869680
0.869710
0.870304
0.870323
0.870792
0.871150
0.870779
0.871134
0.871014
0.870563
0.870557
0.870745
0.871266
0.870916
0.871279
0.872566
0.872739
0.872607
0.872504
0.872297
0.871838
0.871319
0.871004
0.870458
0.870339
0.870418
0.870824
0.870554
0.870090
0.870266
0.869199
0.869260
0.869730
0.870083
0.869263
0.870022
0.869535
0.869565
0.869724
0.869700
0.869644
0.869716
0.870014
0.869525
0.869048
0.869680
0.868939
0.868612
0.868946
0.869306
0.869329
0.869613
0.869795
0.870694
0.870939
0.871039
0.870831
0.870745
0.870305
0.870178
0.870084
0.870488
0.869964
0.869860
0.869397
0.870159
0.870481
0.870194
0.869512
0.869009
0.869778
0.869358
0.869495
0.869054
0.868871
0.869667
0.870117
0.870541
0.870699
0.871320
0.871272
0.871895
0.871686
0.872379
0.871974
0.872015
0.872205
0.871780
0.871232
0.871135
0.871477
0.871300
0.871169
0.870584
0.870701
0.870606
0.870273
0.869870
0.869596
0.869454
0.869583
0.868940
0.869906
0.869723
0.870223
0.870284
0.870430
0.871108
0.871150
0.871812
0.871279
0.870803
0.870914
0.871535
0.871856
0.871690
0.871677
0.871617
0.871165
0.870990
0.870596
0.870748
0.870413
0.870076
0.869627
0.869910
0.870271
0.870112
0.870035
0.869192
0.869207
0.869916
0.869476
0.869546
0.868965
0.868619
0.868386
0.868956
0.869077
0.869494
0.870214
0.870588
0.870968
0.870855
0.870718
0.870706
0.869995
0.869706
0.870260
0.870487
0.870631
0.870531
0.870959
0.870742
0.871093
0.870776
0.870569
0.870287
0.870603
0.870758
0.870981
0.871375
0.871587
0.871420
0.871583
0.871444
0.871337
0.871576
0.872258
0.872092
0.871889
0.871750
0.871538
0.871481
0.871572
0.871085
0.870924
0.870651
0.870925
0.870806
0.870396
0.870413
0.870224
0.870907
0.871207
0.871276
0.870625
0.871186
0.871475
0.871172
0.871110
0.871393
0.871545
0.871743
0.871299
0.871592
0.871059
0.870895
0.870815
0.870532
0.870215
0.870057
0.870337
0.870784
0.870506
0.870797
0.871025
0.871256
0.871285
0.871249
0.870645
0.870963
0.871187
0.871272
0.870652
0.870389
0.870293
0.870066
0.870027
0.869779
0.869426
0.869642
0.869659
0.869652
0.869344
0.868876
0.869369
0.868887
0.868316
0.868776
0.869272
0.869962
0.869799
0.869696
0.869330
0.869445
0.869158
0.869378
0.869492
0.869632
0.869569
0.869188
0.869293
0.869304
0.869597
0.869344
0.869756
0.869685
0.869936
0.869569
0.869063
0.869370
0.869300
0.869710
0.869006
0.869091
0.869366
0.869580
0.868820
0.868998
0.869111
0.869109
0.868977
0.868768
0.868719
0.868556
0.868311
0.868077
0.868277
0.868794
0.868859
0.868407
0.868593
0.868751
0.869460
0.869204
0.868957
0.869076
0.868886
0.868884
0.869226
0.869080
0.869392
0.869899
0.869693
0.869652
0.869698
0.869886
0.870254
0.870568
0.870624
0.870194
0.869773
0.869541
0.868922
0.869163
0.868526
0.868028
0.868525
0.868343
0.868724
0.869435
0.869495
0.869798
0.869700
0.869614
0.869119
0.868917
0.869576
0.870173
0.869602
0.869349
0.869240
0.869371
0.869572
0.869528
0.869233
0.869495
0.869459
0.869542
0.869926
0.870004
0.870554
0.871085
0.870968
0.870454
0.869880
0.870160
0.870313
0.870577
0.870019
0.870102
0.870300
0.869935
0.869705
0.869460
0.869579
0.870316
0.870259
0.869946
0.869772
0.869595
0.869365
0.869537
0.869183
0.869134
0.869268
0.868813
0.869740
0.869293
0.869840
0.870067
0.869750
0.869517
0.869449
0.869398
0.869402
0.869248
0.870018
0.869780
0.869950
0.870082
0.869991
0.869983
0.869794
0.869891
0.869643
0.869562
0.870183
0.870335
0.870664
0.871171
0.871314
0.871507
0.871217
0.870930
0.870944
0.871018
0.871034
0.870907
0.870984
0.870420
0.871337
0.871700
0.871487
0.870947
0.871631
0.871067
0.870935
0.870534
0.870243
0.870263
0.870644
0.870272
0.870211
0.870233
0.870518
0.870393
0.869789
0.869382
0.868684
0.868422
0.868450
0.868881
0.868550
0.868735
0.869044
0.869118
0.869632
0.869462
0.868817
0.868918
0.868770
0.869301
0.868990
0.869188
0.869284
0.869153
0.869036
0.869381
0.870056
0.870417
0.870427
0.870965
0.870905
0.870682
0.870604
0.871072
0.870839
0.870957
0.870515
0.870010
0.869641
0.869323
0.869505
0.869438
0.870389
0.870400
0.870714
0.870006
0.870327
0.870990
0.870957
0.871117
0.871689
0.871417
0.871410
0.871580
0.871118
0.870317
0.870634
0.870204
0.869680
0.869205
0.869966
0.869673
0.870137
0.869751
0.869519
0.869531
0.869094
0.869645
0.869397
0.869472
0.869835
0.869388
0.868896
0.869149
0.868562
0.869094
0.869269
0.869471
0.869757
0.870123
0.870688
0.870894
0.870208
0.870088
0.869822
0.869917
0.870490
0.870562
0.870975
0.870813
0.870412
0.870485
0.870251
0.870310
0.870117
0.870156
0.869991
0.870291
0.870053
0.869940
0.869679
0.870187
0.870421
0.869895
0.869288
0.868737
0.869035
0.868903
0.869407
0.868982
0.869208
0.869316
0.869457
0.869566
0.869194
0.869816
0.870327
0.870056
0.870028
0.870177
0.870383
0.870530
0.870098
0.869831
0.870195
0.870807
0.870512
0.871033
0.871182
0.871184
0.871083
0.871089
0.870260
0.869653
0.870101
0.869989
0.870177
0.870316
0.869879
0.869472
0.869248
0.868925
0.868497
0.868730
0.869378
0.869325
0.869427
0.869740
0.869404
0.868970
0.869041
0.869160
0.869864
0.869421
0.870022
0.869675
0.869630
0.869434
0.869268
0.869770
0.869573
0.869960
0.869979
0.870058
0.870098
0.870354
0.870386
0.870420
0.870072
0.869874
0.870113
0.870365
0.870408
0.870187
0.870020
0.870386
0.870527
0.870546
0.870700
0.870163
0.869869
0.870343
0.870680
0.870361
0.870443
0.870628
0.870650
0.870042
0.870222
0.869899
0.869781
0.870099
0.870438
0.870715
0.870626
0.871362
0.871926
0.871542
0.870847
0.870229
0.870309
0.870673
0.870972
0.870954
0.870538
0.870530
0.870452
0.871038
0.870355
0.870895
0.870687
0.870031
0.870088
0.870355
0.870529
0.870393
0.870193
0.869877
0.870109
0.869940
0.870129
0.869757
0.869732
0.870123
0.870025
0.870093
0.870623
0.870259
0.870427
0.870037
0.869814
0.869723
0.869383
0.868868
0.869236
0.869337
0.869535
0.869986
0.869186
0.868769
0.869044
0.868854
0.869582
0.869752
0.870503
0.870298
0.870702
0.870635
0.870701
0.870940
0.871177
0.871804
0.871671
0.871241
0.871291
0.871397
0.871082
0.870536
0.869844
0.869595
0.868845
0.869272
0.869451
0.869376
0.869326
0.869847
0.869579
0.869714
0.869769
0.868931
0.869589
0.869750
0.869869
0.869946
0.870242
0.869987
0.870229
0.869835
0.869865
0.870565
0.870599
0.870038
0.869476
0.868703
0.868634
0.868329
0.868770
0.869072
0.869382
0.869365
0.868845
0.868234
0.868651
0.869245
0.869781
0.869863
0.869327
0.869508
0.869169
0.869485
0.869283
0.868930
0.869544
0.869398
0.869514
0.869297
0.868981
0.868992
0.868892
0.869092
0.869237
0.869935
0.870217
0.870423
0.870201
0.870258
0.870526
0.870470
0.870439
0.870831
0.871152
0.870945
0.870845
0.871519
0.871321
0.871687
0.871746
0.871791
0.871126
0.870638
0.870241
0.870328
0.870043
0.870745
0.871287
0.872159
0.872363
0.871988
0.872039
0.872365
0.871729
0.870844
0.870585
0.870188
0.870393
0.870429
0.869693
0.870006
0.869795
0.869667
0.869461
0.869227
0.869182
0.869306
0.869504
0.869864
0.869776
0.869424
0.869672
0.869585
0.869857
0.870006
0.869743
0.869526
0.869830
0.869433
0.869243
0.869101
0.868798
0.868858
0.868807
0.868882
0.869452
0.869414
0.869471
0.869569
0.869599
0.869332
0.868879
0.868811
0.868846
0.869103
0.868383
0.868352
0.868308
0.868768
0.869144
0.869332
0.869187
0.869149
0.869243
0.869218
0.869458
0.869049
0.869623
0.870088
0.870896
0.870654
0.871164
0.870632
0.870345
0.870045
0.869604
0.869231
0.869299
0.869068
0.868899
0.869020
0.869338
0.869531
0.869570
0.870533
0.870132
0.869705
0.869524
0.870308
0.870605
0.870869
0.870667
0.870509
0.870122
0.870161
0.869774
0.869501
0.869436
0.869545
0.869599
0.869604
0.869889
0.870107
0.869794
0.869808
0.869756
0.869512
0.869167
0.869609
0.870065
0.869287
0.869525
0.869351
0.869180
0.869770
0.870050
0.870015
0.870328
0.870527
0.871035
0.870772
0.870173
0.869792
0.870039
0.870682
0.870595
0.871030
0.871114
0.871643
0.872265
0.872195
0.871679
0.871638
0.872084
0.871825
0.871602
0.871432
0.871312
0.871740
0.871709
0.871160
0.870618
0.869678
0.869584
0.869787
0.869646
0.869447
0.869627
0.869640
0.869487
0.869167
0.868364
0.868020
0.868187
0.868361
0.868106
0.868903
0.869030
0.869681
0.869669
0.870143
0.870069
0.870438
0.869989
0.870731
0.871182
0.871506
0.872215
0.872352
0.871700
0.871353
0.870864
0.871061
0.870711
0.871563
0.871683
0.871231
0.871035
0.870754
0.870851
0.870736
0.870441
0.870555
0.870317
0.870122
0.869835
0.869088
0.869313
0.869842
0.869189
0.870016
0.870993
0.870918
0.870726
0.870783
0.870414
0.870283
0.870060
0.869972
0.870053
0.869778
0.869872
0.869563
0.869811
0.870001
0.870271
0.870040
0.869405
0.869433
0.869754
0.869437
0.869314
0.869846
0.869513
0.870147
0.870197
0.870697
0.870481
0.870889
0.871116
0.870868
0.870587
0.870456
0.870617
0.869819
0.869925
0.870436
0.870454
0.871002
0.869838
0.870153
0.870279
0.870770
0.870688
0.870503
0.870897
0.870758
0.870640
0.869993
0.869764
0.869927
0.870572
0.870093
0.869268
0.869323
0.869661
0.869176
0.868995
0.868854
0.868902
0.869021
0.868721
0.868503
0.868050
0.868755
0.869033
0.868996
0.868878
0.868872
0.869022
0.869086
0.868446
0.868484
0.868813
0.869220
0.868944
0.868822
0.868207
0.867451
0.867801
0.868615
0.868354
0.868757
0.869055
0.868756
0.868799
0.869401
0.869953
0.870568
0.870279
0.870552
0.870617
0.871257
0.871206
0.870769
0.870679
0.870432
0.870068
0.870144
0.870409
0.870251
0.869812
0.869319
0.868964
0.869353
0.869331
0.869352
0.869359
0.869053
0.868707
0.868928
0.868676
0.869175
0.869279
0.869096
0.869400
0.869160
0.869258
0.869838
0.869527
0.869608
0.869526
0.868932
0.868775
0.868520
0.868024
0.867798
0.867398
0.867238
0.867605
0.867672
0.868297
0.868441
0.868766
0.868754
0.868837
0.868711
0.868962
0.869288
0.868645
0.868140
0.868638
0.868636
0.868472
0.868036
0.867882
0.867169
0.867331
0.867648
0.867176
0.867470
0.867520
0.867392
0.868234
0.868814
0.868709
0.868431
0.868414
0.867803
0.868494
0.868434
0.868443
0.867925
0.867983
0.868218
0.868575
0.868318
0.867863
0.868033
0.867923
0.868298
0.868241
0.868438
0.868065
0.868246
0.868627
0.869004
0.869331
0.868658
0.868421
0.868609
0.868901
0.868057
0.867532
0.867383
0.868192
0.868167
0.868261
0.868505
0.868599
0.868520
0.868677
0.869429
0.869578
0.869417
0.869865
0.869888
0.870108
0.869911
0.869616
0.869361
0.868978
0.869183
0.869674
0.869854
0.869748
0.869577
0.870022
0.870331
0.870179
0.870663
0.870738
0.871283
0.871277
0.871034
0.870379
0.870434
0.870500
0.870185
0.870426
0.870789
0.870512
0.870071
0.870109
0.870222
0.870622
0.870726
0.870695
0.870169
0.870786
0.871444
0.871419
0.870841
0.871321
0.871276
0.871362
0.871508
0.871314
0.871528
0.871544
0.871819
0.872243
0.871986
0.872007
0.872081
0.871508
0.871668
0.871859
0.871898
0.871976
0.871030
0.871312
0.870925
0.870783
0.869890
0.870122
0.870258
0.870491
0.870601
0.870953
0.869783
0.869223
0.868935
0.868768
0.869368
0.868985
0.869418
0.869363
0.869693
0.870224
0.869368
0.869364
0.869337
0.869297
0.869577
0.869265
0.868877
0.869546
0.869519
0.869918
0.870374
0.870862
0.870762
0.870858
0.870553
0.870255
0.870649
0.871046
0.870321
0.870401
0.870453
0.870511
0.870952
0.871523
0.871084
0.871223
0.871095
0.871230
0.870969
0.870584
0.870280
0.869634
0.869678
0.870042
0.869961
0.870586
0.870262
0.870341
0.870879
0.870754
0.870286
0.869855
0.870038
0.869654
0.869866
0.869862
0.869925
0.869838
0.869694
0.869463
0.869353
0.868916
0.868900
0.868514
0.868283
0.868219
0.868312
0.867641
0.867554
0.867554
0.868476
0.868314
0.868806
0.869000
0.869511
0.869932
0.869411
0.870109
0.870086
0.869845
0.869752
0.869425
0.869305
0.869149
0.868947
0.869512
0.869819
0.870477
0.870770
0.870552
0.870765
0.871368
0.871284
0.871435
0.870928
0.871038
0.870996
0.870792
0.870949
0.871194
0.870812
0.870760
0.870702
0.870866
0.870623
0.870116
0.869632
0.869555
0.869692
0.870306
0.869931
0.869494
0.869891
0.870165
0.869603
0.869419
0.869957
0.870490
0.870444
0.870171
0.870532
0.870662
0.870563
0.870449
0.870576
0.870590
0.870328
0.870248
0.870079
0.869868
0.869621
0.870001
0.870452
0.870022
0.869961
0.869769
0.869902
0.869803
0.869869
0.870076
0.869743
0.869626
0.869205
0.869192
0.869552
0.870207
0.870355
0.870844
0.870146
0.869399
0.870051
0.869945
0.869774
0.869378
0.869395
0.868816
0.868981
0.869318
0.869000
0.868992
0.869062
0.869043
0.869298
0.869074
0.869172
0.869470
0.869248
0.869389
0.869355
0.869422
0.869523
0.869874
0.869331
0.869753
0.870275
0.870510
0.871020
0.871051
0.870791
0.871049
0.870723
0.871000
0.870886
0.870498
0.869949
0.869942
0.870285
0.869600
0.868938
0.869477
0.869310
0.869365
0.869624
0.869476
0.870174
0.870598
0.870808
0.869946
0.869715
0.869704
0.869281
0.869324
0.869556
0.869129
0.869276
0.869436
0.869358
0.869620
0.869383
0.868668
0.868858
0.868537
0.868893
0.868978
0.869401
0.869733
0.869609
0.869079
0.869325
0.869549
0.869659
0.869501
0.868483
0.868090
0.867421
0.867843
0.868505
0.868623
0.869036
0.869339
0.869035
0.868723
0.868767
0.868104
0.867706
0.868207
0.867434
0.867271
0.867691
0.868006
0.867588
0.867715
0.868330
0.868998
0.868819
0.869056
0.869235
0.869742
0.869777
0.869361
0.869038
0.868962
0.869088
0.868808
0.868612
0.868850
0.869202
0.869351
0.869250
0.868839
0.868544
0.868458
0.868429
0.868715
0.868543
0.868442
0.868206
0.867708
0.867505
0.867782
0.867681
0.867583
0.868026
0.868261
0.868471
0.868387
0.868273
0.868788
0.868869
0.868837
0.868393
0.868301
0.867581
0.867919
0.867831
0.867590
0.868107
0.868387
0.868086
0.868325
0.868242
0.869033
0.868922
0.868955
0.869905
0.869830
0.869798
0.869430
0.868613
0.868720
0.868138
0.868880
0.868865
0.869631
0.868552
0.868435
0.868690
0.868933
0.868928
0.868475
0.868811
0.869437
0.869896
0.870437
0.870809
0.871057
0.870576
0.870218
0.870672
0.870948
0.870660
0.870694
0.871014
0.870480
0.870494
0.870635
0.870075
0.870905
0.870720
0.870891
0.869954
0.868924
0.869471
0.869512
0.869200
0.869012
0.868810
0.869117
0.868701
0.868639
0.869015
0.869212
0.869378
0.869455
0.869474
0.869427
0.869933
0.870014
0.870262
0.870747
0.870340
0.870265
0.869903
0.870177
0.870192
0.870181
0.870370
0.870037
0.869822
0.869934
0.870106
0.870273
0.870384
0.869977
0.869749
0.869774
0.869344
0.869729
0.869744
0.869482
0.869197
0.869160
0.869259
0.869323
0.869546
0.869602
0.869544
0.869860
0.869718
0.868680
0.868468
0.868123
0.868633
0.868525
0.868558
0.868366
0.868144
0.867887
0.868019
0.867725
0.867869
0.868107
0.867564
0.868023
0.868262
0.868782
0.868630
0.868348
0.868455
0.868817
0.868105
0.868096
0.867796
0.867881
0.867999
0.867583
0.867129
0.867578
0.868216
0.868209
0.868774
0.869406
0.869423
0.869369
0.869343
0.869299
0.868781
0.868663
0.868478
0.868868
0.869113
0.869419
0.869745
0.869261
0.869138
0.870162
0.870332
0.870060
0.870024
0.870386
0.870202
0.869855
0.869851
0.869800
0.870288
0.870381
0.870014
0.870071
0.869978
0.869904
0.870512
0.870248
0.869967
0.870218
0.870213
0.870396
0.869673
0.869581
0.869371
0.870286
0.870235
0.869913
0.869936
0.870116
0.870196
0.870016
0.870229
0.870441
0.870020
0.870142
0.870530
0.870588
0.870951
0.870120
0.870658
0.870617
0.870266
0.870296
0.870210
0.870390
0.870799
0.871128
0.871880
0.871945
0.872482
0.872263
0.872519
0.872070
0.871954
0.871611
0.871245
0.871259
0.870992
0.870717
0.870518
0.870555
0.870791
0.870821
0.871037
0.870516
0.871027
0.870756
0.870859
0.870627
0.870726
0.870900
0.870528
0.870875
0.871233
0.871327
0.870923
0.870930
0.870583
0.870355
0.870597
0.870505
0.870340
0.869655
0.869853
0.869017
0.869459
0.869328
0.868973
0.869499
0.869923
0.869454
0.869053
0.868940
0.868159
0.868149
0.867399
0.867693
0.867523
0.867137
0.867633
0.867513
0.867795
0.867872
0.867624
0.867870
0.868108
0.868463
0.868331
0.868024
0.867634
0.867498
0.867933
0.867710
0.867957
0.868608
0.868461
0.868629
0.869030
0.869175
0.869756
0.869827
0.869514
0.869658
0.869704
0.869819
0.870113
0.869762
0.869973
0.870401
0.870051
0.869829
0.869667
0.870435
0.870401
0.869995
0.870022
0.870292
0.870591
0.870538
0.870391
0.869975
0.869525
0.869344
0.869010
0.869938
0.870391
0.870672
0.870110
0.870544
0.870180
0.870073
0.870464
0.870458
0.870093
0.869917
0.869954
0.869789
0.870204
0.869762
0.869304
0.869447
0.870068
0.869574
0.869751
0.869385
0.869699
0.869278
0.869393
0.869513
0.869577
0.869543
0.869279
0.869376
0.869185
0.869338
0.869977
0.869924
0.869212
0.869177
0.869063
0.868895
0.868936
0.868654
0.868512
0.867592
0.867294
0.867238
0.867104
0.867276
0.867585
0.867309
0.867500
0.867486
0.868041
0.868779
0.868551
0.868223
0.868278
0.867839
0.868462
0.868124
0.868930
0.868607
0.868548
0.868678
0.868341
0.868534
0.869169
0.868694
0.868375
0.869086
0.868337
0.868791
0.869045
0.869495
0.869049
0.868929
0.869374
0.869695
0.869048
0.868243
0.868579
0.869105
0.869004
0.869359
0.868616
0.868439
0.868706
0.868528
0.869238
0.869319
0.869221
0.869673
0.869995
0.869557
0.869120
0.869033
0.870177
0.870512
0.870647
0.870804
0.871124
0.870861
0.870832
0.870378
0.870620
0.870899
0.870757
0.870211
0.870017
0.870093
0.870179
0.870157
0.870066
0.870845
0.871554
0.871313
0.870869
0.870268
0.870725
0.869918
0.870358
0.870908
0.870805
0.871001
0.870887
0.870763
0.870337
0.870138
0.870100
0.870032
0.870259
0.870497
0.870049
0.869921
0.869632
0.870110
0.869861
0.869846
0.869116
0.869435
0.869563
0.869889
0.869762
0.869121
0.869013
0.869186
0.869216
0.869563
0.869900
0.869601
0.869122
0.869064
0.869565
0.869619
0.869558
0.869964
0.870028
0.870132
0.869903
0.869320
0.869776
0.870126
0.870350
0.870596
0.870954
0.870971
0.870912
0.870264
0.869848
0.870076
0.870013
0.869868
0.869684
0.868886
0.868380
0.868445
0.868108
0.868575
0.868846
0.869264
0.869273
0.869090
0.868614
0.868810
0.870062
0.870333
0.869866
0.870196
0.869919
0.869986
0.869438
0.869550
0.869613
0.869938
0.869983
0.870607
0.870226
0.870061
0.870135
0.870192
0.870260
0.868967
0.868841
0.867785
0.867414
0.867664
0.867724
0.867682
0.867550
0.867245
0.867393
0.867189
0.866567
0.866669
0.866792
0.867284
0.868418
0.868346
0.867886
0.867895
0.867613
0.867731
0.867753
0.868353
0.868427
0.868670
0.868257
0.868415
0.868830
0.868842
0.869137
0.869444
0.869875
0.869768
0.869667
0.870385
0.870457
0.870263
0.870035
0.870232
0.870779
0.870239
0.870410
0.870549
0.870903
0.870663
0.870296
0.869651
0.870011
0.870267
0.870682
0.870917
0.870716
0.869850
0.870460
0.870215
0.870534
0.870510
0.870181
0.870143
0.869379
0.868873
0.869289
0.869237
0.869000
0.869357
0.869423
0.869289
0.869458
0.869217
0.869440
0.869856
0.870036
0.869768
0.869530
0.869918
0.869417
0.869548
0.869355
0.869442
0.869381
0.868496
0.868541
0.868758
0.869112
0.869229
0.869222
0.869007
0.869283
0.869350
0.869760
0.870237
0.869682
0.869226
0.869381
0.869051
0.869537
0.869134
0.868840
0.868961
0.869932
0.870111
0.870144
0.870387
0.870447
0.870187
0.870156
0.870180
0.870668
0.870254
0.870419
0.869850
0.870175
0.869888
0.870076
0.870598
0.870583
0.870504
0.870003
0.870102
0.869889
0.869791
0.868881
0.868994
0.869801
0.869555
0.868748
0.869420
0.869538
0.870277
0.870005
0.870198
0.870354
0.870884
0.870901
0.870999
0.870338
0.870648
0.870240
0.870383
0.871079
0.871805
0.872214
0.871784
0.871804
0.871959
0.871987
0.871672
0.871455
0.871703
0.870968
0.871533
0.870834
0.870369
0.870304
0.870693
0.870290
0.869945
0.869829
0.870422
0.870163
0.870612
0.870512
0.869594
0.869474
0.869383
0.869636
0.869275
0.869666
0.869594
0.870141
0.870260
0.870295
0.869226
0.868614
0.868557
0.868397
0.868291
0.868438
0.868275
0.868133
0.868365
0.868703
0.868588
0.868963
0.869311
0.869689
0.869920
0.870048
0.870081
0.870321
0.870405
0.869730
0.869893
0.869977
0.870387
0.870105
0.870007
0.869958
0.869979
0.869933
0.869671
0.869541
0.869922
0.870294
0.870078
0.869949
0.870275
0.869656
0.870017
0.869916
0.870183
0.870060
0.869906
0.869652
0.869642
0.869847
0.869822
0.869833
0.869457
0.868920
0.868837
0.868680
0.868868
0.868973
0.868750
0.868432
0.868971
0.868535
0.868762
0.868651
0.868568
0.869367
0.869225
0.869196
0.869679
0.869562
0.869365
0.869256
0.869353
0.869278
0.869430
0.869082
0.868954
0.869144
0.868891
0.869360
0.869058
0.869340
0.869831
0.869700
0.870206
0.870090
0.870427
0.870209
0.869632
0.869724
0.870455
0.870953
0.871070
0.871196
0.871234
0.870800
0.870532
0.870386
0.870678
0.870514
0.869928
0.869944
0.870813
0.870866
0.870087
0.870264
0.870665
0.870207
0.870198
0.871026
0.870963
0.870989
0.871119
0.871118
0.870771
0.871094
0.870606
0.870845
0.870931
0.870716
0.870475
0.869869
0.870096
0.870293
0.870591
0.870305
0.870279
0.870279
0.870736
0.870436
0.870030
0.869504
0.869762
0.869266
0.869052
0.869059
0.869743
0.869768
0.870045
0.870123
0.870210
0.869952
0.870089
0.869908
0.869410
0.869517
0.870414
0.870237
0.869850
0.869713
0.869720
0.870063
0.869635
0.869724
0.869961
0.869601
0.869551
0.869711
0.869771
0.869393
0.869453
0.869222
0.869304
0.868981
0.869115
0.869434
0.869651
0.870156
0.869943
0.870032
0.870528
0.870254
0.870615
0.870725
0.871010
0.871148
0.871355
0.871473
0.871140
0.871287
0.870928
0.870760
0.870350
0.870677
0.871262
0.871028
0.871138
0.871142
0.870962
0.870800
0.870324
0.869817
0.870756
0.871298
0.871311
0.871119
0.870857
0.870650
0.871275
0.871456
0.871777
0.871579
0.871490
0.871226
0.870563
0.870621
0.870754
0.870949
0.870531
0.871255
0.870728
0.870697
0.869652
0.869883
0.870422
0.870470
0.870515
0.870593
0.870765
0.870683
0.870713
0.871161
0.871690
0.871144
0.871512
0.871831
0.871528
0.871892
0.871541
0.871260
0.871272
0.870889
0.870690
0.870394
0.869657
0.869626
0.870275
0.870509
0.870167
0.870122
0.869603
0.869457
0.869371
0.869302
0.868768
0.868326
0.868398
0.868528
0.868258
0.868849
0.869598
0.869713
0.869619
0.869832
0.869470
0.869664
0.869486
0.869361
0.869176
0.869119
0.869408
0.869000
0.869363
0.868979
0.868944
0.869427
0.869465
0.869075
0.869072
0.868960
0.868646
0.868663
0.868708
0.868764
0.868190
0.868251
0.868180
0.868677
0.868618
0.869702
0.869933
0.870306
0.870159
0.870127
0.870219
0.870858
0.870676
0.870897
0.870927
0.870867
0.870861
0.870535
0.870887
0.870340
0.870462
0.871272
0.870960
0.870203
0.870443
0.870934
0.870580
0.870303
0.870247
0.869533
0.869231
0.869368
0.869655
0.869924
0.869957
0.869324
0.869711
0.869403
0.870069
0.869717
0.869529
0.869626
0.870127
0.870035
0.870091
0.870105
0.869486
0.869151
0.869463
0.869761
0.870037
0.870463
0.869819
0.869636
0.869652
0.869873
0.869953
0.869826
0.870014
0.869384
0.869582
0.869996
0.870194
0.869448
0.868681
0.869490
0.869587
0.869377
0.869915
0.870070
0.870760
0.870476
0.870381
0.870398
0.870686
0.870639
0.870333
0.870612
0.870924
0.871268
0.871136
0.870698
0.870458
0.870277
0.870520
0.870378
0.870002
0.870287
0.869924
0.870267
0.870528
0.870306
0.870206
0.870412
0.870502
0.870592
0.870275
0.869827
0.869581
0.869455
0.869177
0.868534
0.868962
0.869043
0.869030
0.869647
0.870031
0.870141
0.870465
0.871234
0.871438
0.871445
0.871066
0.871717
0.871969
0.872153
0.872122
0.872168
0.872534
0.872421
0.871707
0.871499
0.871226
0.871032
0.870567
0.870462
0.870658
0.870338
0.871347
0.871088
0.870821
0.870694
0.870347
0.870275
0.870165
0.870443
0.870085
0.870589
0.871183
0.870837
0.870458
0.870432
0.870237
0.869679
0.870031
0.869476
0.869845
0.870104
0.870416
0.870277
0.870108
0.869612
0.868897
0.869107
0.868602
0.868655
0.869316
0.869080
0.869114
0.868819
0.868839
0.869220
0.869828
0.868949
0.869621
0.869825
0.870304
0.870797
0.871330
0.871433
0.871346
0.871719
0.871510
0.871230
0.871177
0.871410
0.871045
0.871071
0.870409
0.870518
0.870553
0.870886
0.870148
0.869913
0.869502
0.869169
0.869341
0.869273
0.869525
0.869244
0.869721
0.869978
0.870275
0.870425
0.870427
0.871133
0.870834
0.871001
0.870645
0.870284
0.870102
0.870007
0.869607
0.869074
0.868840
0.868833
0.868819
0.868714
0.868364
0.868132
0.868537
0.868230
0.868741
0.868573
0.868253
0.868496
0.868317
0.868672
0.869332
0.868919
0.869927
0.869574
0.869268
0.869644
0.869924
0.870117
0.869426
0.869686
0.869236
0.868907
0.869563
0.868834
0.869459
0.869938
0.869468
0.869965
0.869853
0.869731
0.869352
0.869352
0.869465
0.869459
0.870153
0.870099
0.870054
0.870241
0.870405
0.870419
0.870392
0.869768
0.869514
0.869461
0.868603
0.868712
0.869481
0.869481
0.869757
0.869853
0.870121
0.870448
0.870085
0.870548
0.870343
0.869906
0.869754
0.870100
0.870136
0.870470
0.870476
0.870180
0.870327
0.870188
0.870423
0.870580
0.869980
0.870062
0.870332
0.870857
0.871146
0.871699
0.871614
0.870847
0.870397
0.869847
0.870060
0.870452
0.870725
0.870321
0.870231
0.870318
0.870766
0.870379
0.870279
0.870883
0.870814
0.871005
0.870559
0.871277
0.871393
0.871767
0.871929
0.871812
0.871810
0.871780
0.871898
0.872144
0.871785
0.871420
0.870745
0.871206
0.871513
0.872171
0.871773
0.871008
0.870666
0.869918
0.870193
0.870343
0.870661
0.870515
0.870563
0.870780
0.870375
0.870260
0.870425
0.870335
0.870873
0.870800
0.871083
0.870649
0.870651
0.870422
0.871088
0.870862
0.870801
0.871470
0.871374
0.870815
0.871714
0.871443
0.872222
0.872020
0.872266
0.872182
0.872739
0.872085
0.871527
0.871451
0.871251
0.871373
0.871506
0.871056
0.871264
0.871490
0.871609
0.870952
0.870396
0.870841
0.871105
0.871835
0.871960
0.871741
0.871999
0.871970
0.871783
0.871639
0.872062
0.871605
0.870735
0.870955
0.870492
0.871069
0.871160
0.871321
0.871325
0.870858
0.870483
0.870277
0.871238
0.870839
0.870655
0.870979
0.870081
0.869457
0.869958
0.869492
0.869497
0.869350
0.869433
0.868773
0.868764
0.868215
0.868067
0.868565
0.869168
0.869045
0.869539
0.870184
0.870403
0.870435
0.870553
0.870051
0.869661
0.869591
0.869383
0.869395
0.869150
0.868795
0.868830
0.869119
0.869674
0.869019
0.868905
0.868910
0.868818
0.869096
0.868662
0.868563
0.868608
0.868712
0.868673
0.868285
0.868186
0.868575
0.868038
0.868190
0.868675
0.868575
0.868221
0.868237
0.868471
0.869194
0.868582
0.868825
0.869079
0.868832
0.868704
0.868378
0.868242
0.868024
0.868303
0.868163
0.868126
0.868392
0.868191
0.868479
0.869114
0.869944
0.869677
0.870023
0.869917
0.869686
0.869139
0.869109
0.868964
0.868936
0.868776
0.869116
0.869578
0.869372
0.870091
0.870345
0.870788
0.870174
0.870372
0.869998
0.869615
0.869614
0.868964
0.869294
0.869255
0.869100
0.869103
0.868400
0.869083
0.869116
0.869886
0.870432
0.870808
0.871200
0.870642
0.870377
0.870724
0.870074
0.870291
0.870569
0.870399
0.870830
0.870512
0.870388
0.870931
0.870839
0.871308
0.871447
0.870868
0.871308
0.870782
0.871029
0.870790
0.871018
0.871046
0.870985
0.871187
0.871083
0.872164
0.871275
0.871129
0.870996
0.870298
0.870272
0.870889
0.870837
0.870762
0.870925
0.871315
0.871776
0.871094
0.871064
0.871025
0.871613
0.871784
0.871886
0.872113
0.871921
0.871200
0.871333
0.871573
0.871385
0.871467
0.871157
0.871186
0.870569
0.870594
0.871082
0.870547
0.870838
0.870277
0.870197
0.870432
0.869992
0.870033
0.870039
0.870105
0.870248
0.870100
0.870056
0.870228
0.869642
0.869267
0.868804
0.868945
0.869103
0.869111
0.869156
0.868955
0.868719
0.869413
0.869337
0.869748
0.869896
0.870026
0.870204
0.869949
0.869813
0.870376
0.870411
0.870647
0.870766
0.870322
0.870570
0.871177
0.871490
0.870838
0.870853
0.870189
0.869908
0.870758
0.870338
0.870429
0.870161
0.870243
0.870307
0.870348
0.870287
0.870918
0.870827
0.871227
0.871690
0.871867
0.871569
0.871489
0.870985
0.870168
0.869922
0.870046
0.870138
0.870174
0.870134
0.870912
0.870739
0.870454
0.870122
0.869753
0.869239
0.869173
0.869595
0.869476
0.869486
0.868786
0.868483
0.868936
0.868789
0.868966
0.868803
0.868576
0.869222
0.869573
0.869494
0.869746
0.869988
0.869605
0.869495
0.869245
0.869182
0.868993
0.869160
0.869146
0.869114
0.869622
0.869333
0.869002
0.869319
0.869316
0.868576
0.868471
0.868712
0.869038
0.868832
0.869113
0.869469
0.869803
0.869901
0.869890
0.869715
0.869304
0.869842
0.869817
0.869621
0.869894
0.870055
0.869999
0.869678
0.869458
0.869556
0.869049
0.868686
0.868216
0.868687
0.868625
0.868562
0.868746
0.868956
0.869623
0.869810
0.869682
0.869285
0.869632
0.869694
0.869937
0.870022
0.870356
0.870641
0.871137
0.870128
0.869706
0.869830
0.869166
0.869267
0.868186
0.868568
0.868512
0.868841
0.868617
0.868451
0.868346
0.867951
0.868099
0.867788
0.867352
0.867810
0.868014
0.868085
0.868273
0.867927
0.868181
0.868006
0.868326
0.868730
0.868956
0.868931
0.868508
0.868850
0.868644
0.868969
0.869418
0.869737
0.870231
0.870140
0.870410
0.870425
0.870179
0.870034
0.869766
0.869628
0.869555
0.869139
0.869144
0.869231
0.869431
0.869658
0.869420
0.869839
0.869585
0.870435
0.870160
0.870285
0.870516
0.870293
0.869998
0.870525
0.870393
0.870854
0.870924
0.870336
0.870303
0.870428
0.869974
0.870227
0.870273
0.869800
0.869979
0.869998
0.869274
0.869457
0.869687
0.869629
0.869332
0.869580
0.869650
0.869640
0.869760
0.869518
0.869520
0.869075
0.869464
0.869900
0.869748
0.869494
0.869231
0.869438
0.869505
0.869469
0.869653
0.869983
0.869898
0.869292
0.870111
0.869707
0.870058
0.870292
0.870740
0.870251
0.870049
0.870440
0.870767
0.870609
0.870258
0.870062
0.869847
0.869739
0.870117
0.869843
0.870219
0.869783
0.869514
0.869537
0.869267
0.869887
0.869934
0.869568
0.869293
0.869421
0.869090
0.869292
0.869490
0.870025
0.869900
0.869247
0.869882
0.869602
0.869954
0.870131
0.870584
0.870625
0.870355
0.870136
0.870025
0.869940
0.870245
0.870555
0.870209
0.870102
0.870498
0.870311
0.870450
0.870524
0.870461
0.869942
0.870650
0.870383
0.869976
0.870229
0.870526
0.870541
0.870920
0.870698
0.870577
0.870806
0.870534
0.870752
0.870765
0.871259
0.870722
0.870262
0.869993
0.869721
0.869581
0.870023
0.870339
0.870429
0.870643
0.871165
0.871293
0.871100
0.870377
0.870156
0.870107
0.869887
0.869723
0.869471
0.869471
0.869641
0.870068
0.870091
0.870313
0.870453
0.870997
0.870664
0.870596
0.870370
0.870190
0.870638
0.870493
0.870755
0.871109
0.871307
0.870820
0.871645
0.871310
0.871529
0.870837
0.870916
0.870303
0.870636
0.870554
0.871499
0.871838
0.871872
0.871672
0.871125
0.871105
0.870515
0.870459
0.870345
0.870448
0.870715
0.870651
0.870620
0.870537
0.870954
0.871322
0.871377
0.871187
0.871092
0.871316
0.870813
0.871086
0.871009
0.871000
0.870413
0.870888
0.870840
0.870551
0.870418
0.870147
0.870540
0.870402
0.870017
0.869706
0.869551
0.869387
0.868838
0.869636
0.869717
0.869393
0.869334
0.869432
0.869430
0.869857
0.869179
0.869311
0.868528
0.868192
0.868231
0.868439
0.868865
0.868316
0.869164
0.869429
0.869265
0.869141
0.868863
0.868682
0.868747
0.869451
0.869353
0.868707
0.869464
0.870031
0.869846
0.869570
0.870200
0.869780
0.870245
0.870566
0.869847
0.869903
0.869925
0.870332
0.870573
0.870270
0.869816
0.869516
0.869826
0.870068
0.869331
0.868789
0.868522
0.868812
0.869099
0.869352
0.870036
0.870143
0.869958
0.869809
0.869264
0.869730
0.869680
0.870224
0.869911
0.870313
0.870094
0.869779
0.869465
0.869795
0.870681
0.870270
0.870619
0.870814
0.870746
0.871003
0.870909
0.871053
0.870962
0.870881
0.870589
0.870499
0.870184
0.870706
0.870947
0.872227
0.871800
0.871502
0.871401
0.871345
0.870166
0.870584
0.870420
0.870139
0.869846
0.870009
0.870366
0.870658
0.870892
0.870037
0.870426
0.870684
0.870714
0.870691
0.870921
0.871449
0.870445
0.869623
0.869589
0.869960
0.869482
0.869739
0.869683
0.870094
0.870137
0.870089
0.869469
0.869542
0.869857
0.869547
0.869582
0.870075
0.869664
0.869579
0.870151
0.870021
0.870348
0.869992
0.869667
0.869152
0.868851
0.868784
0.868696
0.868169
0.868669
0.868942
0.868756
0.869264
0.868970
0.869224
0.869663
0.869384
0.869222
0.869589
0.870073
0.870238
0.870285
0.870360
0.870395
0.870644
0.870874
0.870650
0.870708
0.870593
0.871286
0.870914
0.871013
0.870654
0.870462
0.869937
0.869952
0.869885
0.870222
0.870253
0.870333
0.870457
0.870195
0.870100
0.869554
0.869598
0.870268
0.869710
0.869430
0.869783
0.868779
0.868640
0.868925
0.868683
0.868362
0.868439
0.868154
0.868031
0.868310
0.868166
0.868502
0.869004
0.868982
0.868979
0.868354
0.868413
0.868952
0.868743
0.869487
0.869765
0.870075
0.869910
0.869046
0.868524
0.868010
0.868089
0.867621
0.867261
0.867494
0.868073
0.868328
0.868528
0.868569
0.868947
0.869588
0.869664
0.869274
0.869619
0.869510
0.870147
0.870152
0.869837
0.869516
0.869609
0.869598
0.869276
0.869826
0.869846
0.869824
0.870001
0.869762
0.869440
0.870097
0.870024
0.870218
0.869765
0.870344
0.870315
0.870240
0.869620
0.869329
0.868859
0.868969
0.868697
0.868520
0.868547
0.868980
0.868992
0.869103
0.868839
0.868508
0.868536
0.868786
0.868639
0.868461
0.869189
0.868966
0.868788
0.869133
0.869243
0.869061
0.868928
0.869177
0.869229
0.869497
0.870014
0.870652
0.870372
0.870487
0.870277
0.870103
0.869734
0.869937
0.869958
0.870408
0.870536
0.870883
0.870750
0.870781
0.871196
0.870924
0.870614
0.870631
0.870444
0.870393
0.870390
0.870007
0.869366
0.868939
0.868344
0.868314
0.869019
0.869109
0.869576
0.869094
0.869004
0.869047
0.869647
0.869715
0.870224
0.870311
0.870526
0.869803
0.870062
0.869898
0.869734
0.869846
0.870216
0.870253
0.870262
0.870253
0.869824
0.869648
0.869338
0.869193
0.869097
0.869006
0.869388
0.869555
0.869428
0.869175
0.869081
0.869219
0.869131
0.869162
0.868737
0.868494
0.868831
0.868527
0.868725
0.868943
0.868772
0.868822
0.868594
0.868495
0.868500
0.868693
0.869311
0.869888
0.870237
0.870341
0.870058
0.870526
0.870422
0.870071
0.870542
0.869993
0.869407
0.870009
0.870127
0.870307
0.870432
0.870251
0.869973
0.869826
0.869716
0.869299
0.869530
0.869931
0.870484
0.870276
0.870188
0.869904
0.869680
0.870213
0.869833
0.870242
0.870340
0.870349
0.870160
0.870062
0.870346
0.870344
0.870231
0.869994
0.869711
0.869350
0.869776
0.869742
0.869505
0.868926
0.868530
0.868676
0.868612
0.868520
0.868698
0.868756
0.869487
0.869791
0.869625
0.870179
0.870167
0.870658
0.870467
0.870131
0.870661
0.870543
0.870752
0.870543
0.870379
0.870587
0.870583
0.870324
0.870203
0.870542
0.869983
0.870438
0.870682
0.870793
0.871121
0.871003
0.870965
0.871114
0.871089
0.870991
0.871307
0.871212
0.870694
0.870222
0.869942
0.870839
0.870815
0.871102
0.871771
0.871647
0.871783
0.871455
0.871403
0.871246
0.871386
0.871407
0.871473
0.870519
0.870585
0.870178
0.870156
0.870207
0.870030
0.869874
0.870117
0.870383
0.870667
0.870356
0.870647
0.870772
0.870636
0.870612
0.870532
0.870492
0.870612
0.870556
0.870405
0.870797
0.871279
0.871608
0.871094
0.870845
0.870545
0.869922
0.870203
0.870171
0.870059
0.870394
0.869718
0.869944
0.868659
0.868867
0.868772
0.869800
0.869833
0.869124
0.869508
0.869581
0.869754
0.869552
0.869203
0.869289
0.869463
0.869490
0.869038
0.868753
0.868948
0.868425
0.867935
0.868113
0.868347
0.868428
0.867878
0.867362
0.868006
0.869082
0.869225
0.869683
0.869315
0.869690
0.868879
0.869002
0.869593
0.869357
0.869880
0.870200
0.870515
0.870964
0.870689
0.870588
0.870934
0.871101
0.870459
0.869970
0.869323
0.869034
0.869573
0.869337
0.868905
0.868655
0.868232
0.869146
0.869311
0.869107
0.868949
0.868725
0.869147
0.869825
0.870454
0.870423
0.870333
0.870199
0.870235
0.869966
0.869643
0.869241
0.869856
0.869365
0.869679
0.869978
0.869640
0.869570
0.869332
0.868695
0.869335
0.869195
0.869812
0.870140
0.870308
0.870900
0.871700
0.871545
0.871543
0.871507
0.871240
0.871315
0.871652
0.871644
0.871543
0.871099
0.871413
0.870654
0.870681
0.871000
0.871008
0.871798
0.871052
0.871241
0.870945
0.870480
0.870434
0.870481
0.870185
0.869838
0.869759
0.869782
0.869056
0.869112
0.869390
0.869468
0.869515
0.868978
0.869696
0.870044
0.870144
0.870048
0.869643
0.870160
0.870104
0.870189
0.870375
0.870630
0.870524
0.870141
0.869777
0.869864
0.870578
0.870170
0.869772
0.869643
0.869475
0.869574
0.869308
0.868917
0.869767
0.869995
0.869892
0.869466
0.869873
0.869468
0.869499
0.869648
0.869923
0.869139
0.868842
0.869407
0.869016
0.869001
0.869364
0.869444
0.869084
0.868204
0.868542
0.868385
0.868380
0.868317
0.868580
0.868222
0.868170
0.868378
0.868623
0.868704
0.868720
0.868158
0.868141
0.868397
0.868172
0.868613
0.868502
0.869075
0.868918
0.869712
0.869763
0.869057
0.869026
0.869145
0.869231
0.869159
0.870163
0.870212
0.869742
0.870013
0.869775
0.869180
0.868528
0.867973
0.868365
0.867863
0.867880
0.868643
0.868511
0.868692
0.868857
0.868912
0.869560
0.869469
0.869477
0.869834
0.870094
0.869737
0.869782
0.869383
0.869488
0.870053
0.870819
0.870493
0.870887
0.870843
0.870954
0.871840
0.871667
0.871258
0.871081
0.871790
0.871782
0.871276
0.870781
0.871222
0.870456
0.870538
0.870614
0.870361
0.870335
0.870937
0.870503
0.870180
0.869717
0.869632
0.870478
0.870950
0.871687
0.871480
0.871924
0.871511
0.870730
0.870925
0.870883
0.870394
0.870344
0.870444
0.869984
0.870241
0.869955
0.870420
0.869969
0.870135
0.870680
0.870417
0.870454
0.870477
0.870366
0.869741
0.869540
0.869811
0.870064
0.870245
0.870089
0.870532
0.870527
0.870412
0.871187
0.870700
0.870458
0.869996
0.870455
0.870889
0.870007
0.869729
0.869550
0.869942
0.870156
0.870544
0.870025
0.870454
0.869825
0.869759
0.870146
0.870011
0.869810
0.869899
0.870333
0.870600
0.870688
0.871104
0.870601
0.870168
0.870783
0.871160
0.871528
0.871539
0.871321
0.870521
0.869882
0.869231
0.869411
0.869272
