0.350828
0.440691
0.485662
0.512997
0.534726
0.551318
0.558965
0.566271
0.575566
0.577968
0.583677
0.588148
0.590865
0.597369
0.597074
0.601104
0.603610
0.604248
0.609400
0.612918
0.612874
0.613618
0.614025
0.615128
0.614513
0.613176
0.614967
0.614325
0.618105
0.616484
0.615648
0.618702
0.617124
0.617052
0.616077
0.613954
0.615182
0.615501
0.616935
0.620137
0.620004
0.617570
0.618781
0.617932
0.613828
0.615387
0.613687
0.617658
0.617239
0.616612
0.613567
0.614843
0.615183
0.614392
0.613767
0.616408
0.614453
0.615573
0.616043
0.615196
0.614939
0.615671
0.615507
0.613807
0.614829
0.614810
0.616062
0.613514
0.613062
0.615720
0.616168
0.617759
0.617375
0.618675
0.617757
0.621055
0.619685
0.619927
0.617925
0.613350
0.615331
0.614938
0.614250
0.614863
0.615094
0.613014
0.613147
0.615155
0.614529
0.617834
0.618228
0.615374
0.616505
0.614984
0.614402
0.614491
0.614964
0.615838
0.615448
0.615012
0.615383
0.617210
0.614109
0.611448
0.611915
0.615658
0.617648
0.615143
0.612653
0.614325
0.613144
0.616583
0.613710
0.613445
0.614735
0.616581
0.613488
0.615877
0.617127
0.617415
0.616129
0.615427
0.614448
0.614465
0.617722
0.615154
0.617293
0.616311
0.613011
0.616427
0.616745
0.615989
0.616830
0.617597
0.615646
0.617539
0.615541
0.616426
0.615573
0.616680
0.618341
0.617431
0.616649
0.617453
0.618660
0.618180
0.622055
0.621076
0.620490
0.617243
0.619298
0.618175
0.622088
0.619880
0.618451
0.619488
0.618719
0.617915
0.619162
0.616416
0.618059
0.620394
0.617522
0.618778
0.617528
0.616168
0.615138
0.617531
0.618045
0.620698
0.620993
0.616138
0.617273
0.617005
0.616824
0.616084
0.617370
0.617114
0.619754
0.619765
0.618385
0.617157
0.620420
0.619370
0.618712
0.617972
0.614616
0.613741
0.616291
0.617012
0.617005
0.617003
0.619062
0.618344
0.622911
0.620267
0.620656
0.618952
0.618506
0.616181
0.615224
0.615622
0.616806
0.615390
0.614823
0.617293
0.618423
0.615394
0.617430
0.618635
0.616249
0.615555
0.615133
0.619015
0.618658
0.621204
0.621984
0.619263
0.618123
0.616685
0.614783
0.616680
0.618112
0.618734
0.615076
0.616374
0.615191
0.616964
0.617049
0.616783
0.614092
0.614493
0.619914
0.615190
0.618482
0.617808
0.617236
0.617424
0.616839
0.618256
0.617280
0.613500
0.617176
0.616661
0.615587
0.615040
0.616480
0.616140
0.614742
0.616275
0.616302
0.617184
0.614386
0.614468
0.611962
0.615544
0.616151
0.617600
0.616883
0.617995
0.616995
0.616778
0.614862
0.618802
0.616935
0.615274
0.615125
0.617721
0.617533
0.616453
0.619117
0.619264
0.617371
0.618455
0.618002
0.616952
0.616725
0.622702
0.619349
0.618138
0.615207
0.615823
0.615128
0.616348
0.617087
0.618032
0.616882
0.614485
0.614044
0.617137
0.613681
0.615050
0.616684
0.614929
0.613013
0.615349
0.617983
0.620277
0.622200
0.619925
0.618886
0.618808
0.616862
0.615318
0.615838
0.616880
0.617680
0.618079
0.619490
0.614670
0.619222
0.618458
0.617866
0.618009
0.619871
0.619599
0.617711
0.616506
0.615968
0.616400
0.617488
0.618366
0.619669
0.617657
0.618865
0.617505
0.620701
0.618098
0.619863
0.616569
0.618650
0.619237
0.613588
0.616148
0.614500
0.615751
0.614485
0.618824
0.618244
0.620104
0.618745
0.619482
0.619762
0.617358
0.619745
0.620725
0.619110
0.621662
0.620357
0.620081
0.621979
0.621060
0.619509
0.619841
0.616495
0.619188
0.619040
0.616639
0.615891
0.617754
0.619387
0.618512
0.617925
0.615876
0.617977
0.617482
0.616296
0.617756
0.617370
0.617652
0.616574
0.616592
0.616137
0.619550
0.616639
0.620392
0.616943
0.619845
0.618512
0.618405
0.618942
0.617165
0.619355
0.621043
0.619615
0.618679
0.617341
0.614846
0.616866
0.615985
0.618630
0.617944
0.617261
0.614254
0.614393
0.613523
0.615126
0.615060
0.614099
0.615998
0.613935
0.614449
0.615405
0.614068
0.617330
0.616127
0.616865
0.615243
0.617039
0.615710
0.614697
0.613367
0.612987
0.616440
0.615095
0.613850
0.617791
0.616473
0.614492
0.614010
0.615976
0.620122
0.616588
0.615761
0.616180
0.617859
0.617225
0.615120
0.614691
0.616301
0.615385
0.615901
0.616915
0.617305
0.618280
0.619947
0.620405
0.620075
0.619005
0.619450
0.618758
0.619536
0.618007
0.616569
0.618902
0.620482
0.618203
0.616079
0.618789
0.618187
0.620026
0.618634
0.619878
0.619179
0.616806
0.614825
0.614617
0.615908
0.617767
0.619082
0.619248
0.615952
0.617791
0.620356
0.621386
0.620831
0.618312
0.618069
0.620014
0.620413
0.619720
0.617377
0.615706
0.615303
0.617918
0.617398
0.618747
0.615522
0.617015
0.616937
0.616160
0.616949
0.615775
0.619648
0.617136
0.619228
0.621827
0.619073
0.620630
0.620064
0.618921
0.616497
0.616602
0.616998
0.618867
0.619247
0.620397
0.620584
0.618971
0.618398
0.618563
0.614902
0.616932
0.618688
0.617534
0.618021
0.619199
0.616579
0.614348
0.613620
0.617293
0.614626
0.616617
0.617349
0.613066
0.617287
0.615092
0.617823
0.619309
0.615093
0.615146
0.618398
0.619918
0.619120
0.618678
0.617621
0.618619
0.618900
0.619213
0.620055
0.618145
0.616001
0.615809
0.616524
0.618552
0.619336
0.616341
0.616151
0.615003
0.613318
0.617754
0.617989
0.620180
0.617578
0.621162
0.619686
0.615242
0.617900
0.615780
0.616041
0.615567
0.613272
0.615837
0.618082
0.618286
0.618154
0.620828
0.621710
0.615488
0.615637
0.616393
0.614037
0.615920
0.613824
0.618464
0.618685
0.618476
0.618591
0.618120
0.618148
0.615845
0.617639
0.617557
0.619121
0.620688
0.619182
0.615078
0.615605
0.616087
0.617137
0.616257
0.615009
0.617463
0.619300
0.617692
0.621471
0.617387
0.617566
0.617665
0.619703
0.620429
0.620405
0.619521
0.620039
0.622026
0.621532
0.622001
0.622119
0.623405
0.619491
0.620780
0.619455
0.615105
0.618935
0.617538
0.616897
0.617075
0.617408
0.618850
0.618359
0.617344
0.616687
0.615840
0.617694
0.618261
0.620895
0.620307
0.618840
0.618623
0.613223
0.618816
0.615095
0.615897
0.614390
0.613909
0.615598
0.616265
0.616029
0.612723
0.619373
0.619790
0.617145
0.615300
0.616173
0.618029
0.618723
0.620755
0.623505
0.624085
0.620823
0.623040
0.624310
0.625292
0.622443
0.621348
0.620764
0.620654
0.621870
0.621983
0.621049
0.616418
0.617573
0.618382
0.619521
0.620228
0.619893
0.621202
0.620997
0.618438
0.620523
0.617999
0.619042
0.617795
0.621885
0.617593
0.618318
0.617892
0.621028
0.620740
0.615369
0.614588
0.617814
0.620456
0.621478
0.620572
0.621981
0.621592
0.622075
0.622018
0.619568
0.620044
0.619862
0.622398
0.623929
0.621966
0.622607
0.621527
0.620719
0.618787
0.618189
0.617378
0.617801
0.617260
0.618768
0.614940
0.619177
0.619674
0.618925
0.618783
0.619257
0.619577
0.620750
0.621013
0.618159
0.619397
0.622075
0.620148
0.622582
0.622681
0.621271
0.618509
0.619266
0.618529
0.619847
0.621677
0.621272
0.619994
0.620172
0.615353
0.619308
0.619554
0.619814
0.619382
0.618118
0.617043
0.620119
0.620903
0.622211
0.620398
0.617998
0.622513
0.619041
0.620908
0.620075
0.621410
0.621134
0.621041
0.621082
0.621536
0.618472
0.617961
0.617088
0.617444
0.614829
0.619066
0.617741
0.617215
0.615983
0.618055
0.615014
0.617504
0.617846
0.616404
0.618411
0.618033
0.617762
0.617386
0.618066
0.616405
0.614646
0.615032
0.616039
0.615603
0.616380
0.615254
0.614223
0.616824
0.615164
0.616873
0.616410
0.615314
0.613802
0.615353
0.614352
0.615842
0.615153
0.614925
0.614873
0.618702
0.617160
0.615616
0.617565
0.617569
0.616004
0.614671
0.616183
0.617108
0.613593
0.613833
0.613999
0.619080
0.619351
0.618200
0.617778
0.617962
0.618677
0.619214
0.619677
0.619578
0.617400
0.619428
0.618892
0.618822
0.620646
0.618821
0.619624
0.619806
0.619193
0.616888
0.616329
0.616398
0.618191
0.616279
0.616208
0.614101
0.611738
0.614401
0.614104
0.617341
0.617335
0.617861
0.618392
0.617495
0.616590
0.617335
0.618718
0.618435
0.616754
0.618967
0.618104
0.617936
0.616261
0.617624
0.615896
0.617544
0.616205
0.617190
0.618414
0.621515
0.621973
0.619323
0.620120
0.622094
0.622441
0.619038
0.619089
0.616622
0.616530
0.616408
0.618043
0.619819
0.620592
0.617902
0.613714
0.617391
0.614682
0.617799
0.616333
0.618959
0.617476
0.619517
0.619634
0.619682
0.618893
0.618395
0.618012
0.617114
0.617234
0.617902
0.619470
0.621258
0.620385
0.619809
0.617783
0.617148
0.620858
0.621288
0.622078
0.621557
0.621045
0.618792
0.618300
0.617981
0.619220
0.619079
0.619126
0.622454
0.621029
0.618076
0.620958
0.618213
0.617887
0.617707
0.617839
0.620466
0.620150
0.622171
0.619348
0.619462
0.619403
0.619106
0.618512
0.620072
0.620266
0.617738
0.617807
0.618625
0.617862
0.619670
0.620264
0.619433
0.615438
0.618267
0.618847
0.617827
0.619545
0.619276
0.618389
0.618233
0.617795
0.617130
0.619501
0.618279
0.616934
0.618166
0.620455
0.616228
0.617813
0.618917
0.615902
0.617285
0.614247
0.617190
0.619263
0.619387
0.617745
0.615933
0.617964
0.618105
0.618662
0.620764
0.620978
0.619406
0.619664
0.620881
0.620779
0.620340
0.618514
0.620698
0.619654
0.620640
0.619517
0.622364
0.620091
0.615938
0.614505
0.617063
0.616338
0.618686
0.618753
0.621142
0.621816
0.620601
0.620500
0.615663
0.618233
0.617496
0.620975
0.619894
0.620592
0.619532
0.618858
0.619600
0.620664
0.621500
0.617974
0.618212
0.619564
0.621274
0.621194
0.620605
0.619616
0.617110
0.619118
0.618752
0.619212
0.619100
0.620809
0.621446
0.620542
0.619924
0.616699
0.617247
0.618080
0.619959
0.623686
0.621148
0.620361
0.616487
0.615815
0.615905
0.614673
0.617208
0.616101
0.615892
0.616790
0.615944
0.616902
0.614913
0.616568
0.617353
0.621064
0.616562
0.619236
0.621110
0.619601
0.618745
0.619555
0.619039
0.619784
0.620314
0.618525
0.621755
0.619783
0.617950
0.617411
0.617921
0.619464
0.616048
0.618945
0.616402
0.617333
0.615545
0.616467
0.617417
0.620051
0.617949
0.618156
0.615627
0.617048
0.617861
0.616135
0.616083
0.612434
0.609665
0.614192
0.614085
0.616326
0.616632
0.618115
0.613859
0.612515
0.616586
0.614648
0.615564
0.616658
0.619221
0.618937
0.616840
0.616955
0.620569
0.616373
0.618783
0.619551
0.617424
0.617316
0.621549
0.621811
0.622079
0.621728
0.618282
0.617861
0.617296
0.617484
0.618186
0.617919
0.619862
0.622422
0.624143
0.619137
0.618043
0.618693
0.618708
0.621043
0.619822
0.617204
0.616197
0.616049
0.618733
0.617149
0.617418
0.618056
0.620310
0.621618
0.617012
0.616781
0.617438
0.617979
0.617912
0.617318
0.615280
0.616840
0.617909
0.616186
0.615909
0.618582
0.620757
0.618787
0.620173
0.615458
0.617805
0.617549
0.617937
0.617059
0.616839
0.618239
0.615947
0.614964
0.613461
0.619309
0.618909
0.617012
0.616938
0.614132
0.616623
0.617324
0.614245
0.615550
0.615514
0.616754
0.617523
0.619075
0.620537
0.616810
0.616397
0.618745
0.619842
0.619834
0.615903
0.616700
0.619030
0.617626
0.617802
0.614287
0.615141
0.613433
0.614941
0.618684
0.614138
0.619586
0.621130
0.622387
0.619248
0.619379
0.618116
0.620455
0.620634
0.620668
0.618759
0.618706
0.619600
0.618085
0.619839
0.616860
0.620428
0.623348
0.621694
0.621079
0.621683
0.619382
0.617515
0.616857
0.620079
0.618955
0.617139
0.616835
0.617855
0.620448
0.619613
0.618207
0.614739
0.614698
0.615375
0.613509
0.617812
0.616936
0.614637
0.615488
0.615552
0.618297
0.618940
0.620323
0.620289
0.620755
0.619686
0.618441
0.614083
0.615585
0.614913
0.616227
0.615184
0.616695
0.618479
0.619276
0.617633
0.618843
0.617611
0.616379
0.617641
0.616847
0.617415
0.615590
0.616960
0.618615
0.618199
0.620497
0.618843
0.615526
0.617260
0.619707
0.617399
0.615221
0.618469
0.619245
0.617952
0.616673
0.613810
0.616762
0.617067
0.617584
0.618584
0.616300
0.618494
0.620589
0.620623
0.617761
0.616352
0.616408
0.617907
0.617945
0.620579
0.619095
0.616569
0.617647
0.616813
0.619831
0.619529
0.620580
0.618218
0.620017
0.621470
0.618452
0.618897
0.619005
0.621272
0.618148
0.619100
0.619714
0.619329
0.615513
0.615179
0.616045
0.616813
0.617019
0.617716
0.620494
0.618812
0.620078
0.618983
0.618641
0.618462
0.617945
0.614056
0.617231
0.619140
0.618703
0.620623
0.617770
0.616595
0.617088
0.619431
0.625131
0.621220
0.618469
0.617628
0.617587
0.617795
0.615946
0.619720
0.619923
0.619133
0.619480
0.619765
0.620344
0.618952
0.621001
0.620212
0.617282
0.615013
0.618283
0.617776
0.619638
0.618795
0.615854
0.617109
0.615263
0.617161
0.619286
0.618983
0.618999
0.616525
0.615735
0.613918
0.614969
0.617218
0.614593
0.613075
0.615728
0.614580
0.613975
0.616305
0.617778
0.616765
0.616913
0.616305
0.613417
0.615619
0.613816
0.617944
0.620160
0.619781
0.619791
0.622092
0.617489
0.618344
0.621376
0.619572
0.621754
0.620346
0.620031
0.618727
0.620371
0.619778
0.618038
0.618198
0.617508
0.620196
0.619991
0.616948
0.616202
0.617010
0.615649
0.614934
0.614883
0.615850
0.615881
0.616525
0.616123
0.617868
0.616685
0.617591
0.616770
0.616484
0.620819
0.619904
0.620479
0.618856
0.619896
0.619543
0.620774
0.623096
0.618871
0.615240
0.615944
0.615113
0.614190
0.616900
0.618077
0.619782
0.618719
0.617917
0.617251
0.617282
0.616882
0.617383
0.618913
0.618821
0.617708
0.619562
0.617935
0.619782
0.617855
0.615924
0.618007
0.619417
0.617845
0.616324
0.615479
0.616887
0.618571
0.616590
0.619193
0.620301
0.619184
0.620400
0.618116
0.618576
0.617319
0.617472
0.616334
0.618641
0.618227
0.616228
0.617262
0.619296
0.615425
0.616502
0.617668
0.616620
0.616216
0.615913
0.616177
0.616334
0.619512
0.619405
0.618869
0.617782
0.617847
0.614412
0.614426
0.613882
0.617146
0.615769
0.616841
0.616973
0.619796
0.617186
0.615019
0.613609
0.615668
0.617407
0.616727
0.614314
0.614692
0.614419
0.613722
0.615747
0.616799
0.615327
0.615502
0.616202
0.617982
0.616050
0.616627
0.613821
0.615439
0.618072
0.619044
0.617811
0.616954
0.618902
0.617642
0.619936
0.618921
0.618668
0.619422
0.620542
0.621691
0.619747
0.619789
0.616184
0.615123
0.619861
0.621505
0.621352
0.619373
0.615635
0.616777
0.620557
0.620199
0.618761
0.620671
0.620454
0.617785
0.619469
0.620173
0.618480
0.619165
0.617312
0.617071
0.618184
0.619132
0.614398
0.618072
0.616625
0.615310
0.615422
0.616010
0.618838
0.619213
0.620837
0.616333
0.617539
0.618083
0.617161
0.618852
0.619259
0.619932
0.619891
0.615374
0.617180
0.617694
0.617927
0.617949
0.618654
0.618405
0.620228
0.618776
0.619516
0.620748
0.619393
0.618821
0.617421
0.621176
0.621488
0.620286
0.616657
0.618748
0.617658
0.625122
0.622194
0.622239
0.620551
0.617829
0.619144
0.618108
0.620714
0.617621
0.617956
0.615524
0.618982
0.618344
0.622481
0.616942
0.617894
0.618764
0.617309
0.616144
0.616517
0.617002
0.618593
0.615594
0.616440
0.617658
0.617919
0.619440
0.617287
0.617357
0.619179
0.618337
0.619509
0.619770
0.617643
0.619019
0.616284
0.616851
0.617724
0.616371
0.615482
0.618049
0.618660
0.615570
0.618128
0.619441
0.621925
0.620106
0.620241
0.620910
0.620980
0.618083
0.620270
0.620188
0.619410
0.618376
0.615777
0.619139
0.618501
0.619306
0.616620
0.619216
0.615179
0.614566
0.616552
0.617714
0.618947
0.620718
0.620711
0.613818
0.617471
0.616288
0.617931
0.616792
0.620177
0.618349
0.619478
0.619979
0.619287
0.621357
0.620816
0.619010
0.622336
0.623887
0.624422
0.624294
0.621945
0.621306
0.622101
0.622643
0.620094
0.618573
0.619591
0.619101
0.617625
0.618928
0.619622
0.617266
0.618546
0.614329
0.616313
0.617030
0.615236
0.616584
0.618950
0.620762
0.617362
0.617975
0.618064
0.618988
0.621839
0.617962
0.619408
0.624029
0.621819
0.622097
0.620124
0.618858
0.619295
0.617469
0.619822
0.620627
0.615551
0.617559
0.616872
0.614046
0.617360
0.617886
0.617461
0.617477
0.620231
0.617879
0.618707
0.618791
0.619123
0.619752
0.616589
0.615526
0.616270
0.615540
0.617170
0.614729
0.617038
0.618540
0.618103
0.618848
0.618017
0.621209
0.619597
0.620311
0.617850
0.618504
0.617650
0.619559
0.617543
0.618664
0.619672
0.619470
0.621650
0.621463
0.616643
0.615723
0.615790
0.618067
0.618381
0.618300
0.618685
0.619087
0.616283
0.619452
0.620525
0.620792
0.620468
0.619820
0.620919
0.619919
0.620069
0.619549
0.619578
0.619350
0.617531
0.616751
0.615436
0.614561
0.614455
0.615776
0.617250
0.615318
0.613720
0.612849
0.612493
0.615284
0.614490
0.615797
0.617161
0.617353
0.616208
0.617823
0.616364
0.617558
0.615583
0.614525
0.615407
0.616337
0.617960
0.617333
0.618339
0.619151
0.617086
0.615621
0.617708
0.619455
0.616134
0.618224
0.618002
0.618971
0.618236
0.619824
0.618240
0.620510
0.618916
0.618764
0.619827
0.622538
0.622230
0.621945
0.621071
0.620912
0.616906
0.618256
0.618788
0.622486
0.620234
0.620559
0.619595
0.620587
0.619775
0.620843
0.619082
0.620126
0.622076
0.620694
0.620717
0.622699
0.620842
0.618957
0.618247
0.618351
0.618628
0.619139
0.621171
0.619660
0.622748
0.618479
0.619522
0.619008
0.621118
0.618977
0.616782
0.620460
0.620247
0.620316
0.618479
0.617593
0.619977
0.619439
0.621263
0.617951
0.616417
0.618224
0.618628
0.617458
0.617126
0.615935
0.617383
0.621695
0.619190
0.619005
0.618156
0.619457
0.617338
0.617059
0.616056
0.616388
0.615406
0.617462
0.617642
0.618836
0.619827
0.620573
0.616760
0.618636
0.618993
0.619127
0.617570
0.620018
0.619047
0.616157
0.615720
0.613543
0.614877
0.616643
0.618897
0.616050
0.618863
0.619085
0.613885
0.615434
0.614628
0.616552
0.614946
0.613928
0.612311
0.612168
0.616200
0.616701
0.616686
0.615445
0.617376
0.616945
0.615569
0.617611
0.615876
0.619189
0.618191
0.618245
0.618123
0.613862
0.615177
0.615357
0.618770
0.617046
0.615406
0.619731
0.616468
0.619101
0.617222
0.616881
0.615956
0.616297
0.616765
0.620167
0.614200
0.613835
0.618767
0.615425
0.616950
0.616346
0.616131
0.616142
0.615915
0.615790
0.612832
0.613504
0.614527
0.615678
0.615597
0.617128
0.617197
0.615580
0.614705
0.616118
0.617447
0.616098
0.618385
0.618638
0.617106
0.618625
0.617894
0.617498
0.618782
0.617832
0.615513
0.615733
0.618634
0.617251
0.616621
0.617800
0.617163
0.617139
0.618349
0.619168
0.618218
0.617195
0.618512
0.616515
0.619312
0.619445
0.617576
0.615058
0.617059
0.621296
0.621951
0.620499
0.620692
0.618860
0.617846
0.617281
0.618294
0.618822
0.617599
0.614876
0.616648
0.618419
0.617305
0.615987
0.614966
0.615985
0.616909
0.617767
0.617275
0.617191
0.619957
0.618169
0.618402
0.616909
0.617726
0.615570
0.616325
0.616155
0.615756
0.618533
0.615660
0.621171
0.620754
0.617243
0.618414
0.618151
0.616080
0.616263
0.617749
0.620439
0.622343
0.619185
0.622135
0.620420
0.622872
0.621142
0.620055
0.617823
0.615725
0.617350
0.618030
0.617899
0.616250
0.614621
0.614667
0.616804
0.617971
0.615735
0.614218
0.617832
0.615083
0.616417
0.615824
0.618812
0.619598
0.618641
0.619881
0.619431
0.619904
0.618418
0.620335
0.617646
0.622033
0.617060
0.616975
0.617670
0.618274
0.617364
0.617399
0.616398
0.617936
0.616794
0.618051
0.617802
0.618255
0.618664
0.614935
0.616702
0.616413
0.615981
0.617282
0.616585
0.617465
0.617973
0.620628
0.615465
0.619871
0.618892
0.618472
0.620723
0.620591
0.623920
0.619059
0.616256
0.615582
0.619307
0.620739
0.616547
0.615749
0.615463
0.614053
0.616371
0.619052
0.618374
0.615827
0.614758
0.614357
0.614264
0.615784
0.616420
0.615877
0.615714
0.616813
0.618869
0.617450
0.616287
0.616967
0.618046
0.615552
0.616378
0.617487
0.619541
0.616646
0.613446
0.614545
0.617343
0.617632
0.615936
0.618652
0.617335
0.616276
0.616532
0.619533
0.617641
0.617196
0.618658
0.618286
0.620022
0.618222
0.617949
0.618675
0.620338
0.619812
0.620896
0.621685
0.619780
0.620841
0.618337
0.618672
0.618461
0.617378
0.616508
0.618282
0.616559
0.617044
0.619448
0.619290
0.617274
0.616988
0.616978
0.616148
0.616803
0.617355
0.616532
0.616167
0.616190
0.616869
0.614825
0.617987
0.616473
0.619413
0.617403
0.617561
0.617102
0.618871
0.619215
0.618207
0.618987
0.618131
0.617354
0.617316
0.619051
0.618936
0.618725
0.621867
0.622294
0.619658
0.617292
0.616036
0.617629
0.618918
0.620813
0.618486
0.620568
0.621404
0.618797
0.618745
0.618707
0.618711
0.619763
0.621281
0.622019
0.619511
0.620092
0.620029
0.619744
0.618205
0.617719
0.617702
0.618502
0.618405
0.620287
0.619625
0.620214
0.620936
0.619953
0.621491
0.620773
0.616844
0.615591
0.618132
0.617869
0.617923
0.618949
0.618299
0.618360
0.621619
0.620335
0.620870
0.616622
0.617364
0.616650
0.617709
0.617296
0.617416
0.617147
0.616627
0.617446
0.618768
0.618064
0.619090
0.618152
0.617240
0.616450
0.615731
0.614477
0.619106
0.616724
0.616692
0.617700
0.617370
0.617769
0.617219
0.616563
0.617105
0.618524
0.613514
0.614187
0.615685
0.617626
0.617312
0.618198
0.619734
0.618429
0.619141
0.617267
0.618063
0.618372
0.616050
0.617095
0.618759
0.619226
0.619777
0.617123
0.617617
0.618083
0.618901
0.617637
0.618848
0.620089
0.620013
0.618966
0.616725
0.617385
0.617283
0.619006
0.617758
0.617010
0.619924
0.618412
0.615682
0.617952
0.614645
0.617485
0.616408
0.615041
0.613558
0.617436
0.616604
0.612685
0.615512
0.615777
0.617403
0.617019
0.619553
0.621245
0.618897
0.619344
0.620075
0.619874
0.619776
0.617882
0.619031
0.617753
0.615342
0.617614
0.615197
0.614368
0.615500
0.615943
0.614300
0.618360
0.617811
0.615684
0.617200
0.620147
0.616875
0.616887
0.616979
0.615960
0.617334
0.618344
0.618901
0.618804
0.618927
0.616599
0.617074
0.618228
0.622326
0.621848
0.621730
0.617264
0.618433
0.615953
0.616455
0.617583
0.617230
0.618141
0.618854
0.617292
0.614299
0.614764
0.615297
0.616317
0.616038
0.616894
0.617419
0.616261
0.618502
0.616551
0.615159
0.614047
0.617849
0.619653
0.618988
0.619122
0.618865
0.618299
0.615184
0.616968
0.616481
0.616000
0.617386
0.616322
0.617683
0.617596
0.620759
0.620399
0.618764
0.617771
0.620268
0.617928
0.621569
0.618211
0.615830
0.616448
0.622205
0.618844
0.619326
0.622106
0.621533
0.621359
0.621223
0.620037
0.622273
0.622264
0.621576
0.618083
0.618517
0.617111
0.622678
0.619775
0.619170
0.618158
0.618635
0.620771
0.618022
0.614926
0.619722
0.622729
0.620518
0.620479
0.620765
0.621219
0.622343
0.621733
0.622209
0.621712
0.618360
0.616217
0.613336
0.615765
0.617422
0.618541
0.619925
0.616947
0.617913
0.616168
0.616467
0.620276
0.621128
0.620300
0.620106
0.619386
0.618162
0.618855
0.619500
0.621434
0.622457
0.621768
0.618273
0.616645
0.616489
0.615946
0.619875
0.618152
0.614459
0.619743
0.620107
0.622499
0.619974
0.618183
0.619242
0.617616
0.616188
0.615994
0.618179
0.620118
0.620225
0.619297
0.621088
0.617060
0.619592
0.618458
0.618294
0.615416
0.619263
0.618069
0.615552
0.615792
0.616240
0.617617
0.618734
0.615882
0.616163
0.614935
0.617534
0.616485
0.617390
0.618167
0.617836
0.617657
0.618669
0.619143
0.620039
0.620873
0.620626
0.617155
0.615890
0.614352
0.618331
0.618860
0.613948
0.616380
0.617491
0.618960
0.617933
0.617360
0.618693
0.619108
0.615662
0.620173
0.617610
0.617616
0.618212
0.618804
0.617385
0.616638
0.617622
0.617936
0.617298
0.616393
0.615339
0.615172
0.616666
0.616724
0.618287
0.619430
0.616217
0.616747
0.616743
0.616651
0.616642
0.617261
0.614632
0.617198
0.616881
0.619219
0.620313
0.619850
0.618335
0.619910
0.619470
0.617971
0.619559
0.617971
0.615526
0.615841
0.618926
0.621859
0.619979
0.620016
0.617487
0.616078
0.618126
0.616036
0.617157
0.620395
0.616321
0.619311
0.620736
0.617507
0.617657
0.614953
0.615481
0.618483
0.618452
0.615141
0.615160
0.617647
0.619604
0.621935
0.617969
0.616829
0.617130
0.618461
0.617664
0.618026
0.616748
0.615211
0.619902
0.618230
0.621496
0.621097
0.620013
0.622043
0.620245
0.617713
0.617765
0.617368
0.617069
0.617438
0.618451
0.618154
0.616080
0.616612
0.615570
0.619515
0.616484
0.618776
0.619327
0.617558
0.616658
0.619273
0.619227
0.617941
0.619506
0.617629
0.614889
0.617649
0.615117
0.615218
0.616107
0.613881
0.618947
0.618790
0.616839
0.616856
0.616488
0.618923
0.620164
0.618766
0.618819
0.617655
0.617681
0.621002
0.617382
0.617796
0.619720
0.618325
0.620214
0.618957
0.619826
0.619191
0.617119
0.616561
0.616803
0.613770
0.615306
0.618062
0.618297
0.616406
0.617015
0.617800
0.618960
0.619571
0.616353
0.618923
0.619244
0.618382
0.619350
0.619408
0.617029
0.621870
0.618238
0.617892
0.617979
0.619361
0.618865
0.618238
0.621811
0.617333
0.618180
0.617700
0.618076
0.618765
0.620018
0.616031
0.616309
0.617927
0.618035
0.618741
0.618919
0.617942
0.616802
0.619214
0.618949
0.619332
0.622109
0.619996
0.619346
0.618034
0.618502
0.618500
0.616556
0.618340
0.618395
0.615861
0.617554
0.620130
0.618739
0.618114
0.616487
0.619006
0.620691
0.618589
0.616411
0.615724
0.616319
0.616712
0.616913
0.618162
0.620204
0.619510
0.619004
0.619268
0.620449
0.620582
0.618271
0.616561
0.616041
0.616976
0.615438
0.615284
0.616565
0.615281
0.615915
0.617363
0.616788
0.616057
0.617352
0.621593
0.621689
0.619685
0.616656
0.616306
0.615524
0.618138
0.618857
0.616421
0.618117
0.619726
0.619080
0.616858
0.616290
0.617414
0.618507
0.614737
0.615942
0.617287
0.617097
0.617247
0.617506
0.616119
0.618279
0.620463
0.618380
0.620121
0.617363
0.618699
0.620388
0.620914
0.619882
0.618115
0.619293
0.619623
0.621855
0.618591
0.619106
0.619794
0.618701
0.616493
0.616138
0.615878
0.613348
0.617498
0.616387
0.618126
0.617518
0.617443
0.617975
0.618079
0.617450
0.615998
0.616930
0.619124
0.619254
0.618672
0.621153
0.621763
0.621069
0.618140
0.619220
0.618310
0.620191
0.617736
0.620577
0.619972
0.619909
0.616835
0.617865
0.618212
0.620246
0.618564
0.618729
0.618716
0.618433
0.620949
0.619142
0.619004
0.619071
0.621599
0.620508
0.620370
0.620642
0.617183
0.617017
0.617431
0.620565
0.615078
0.618735
0.622659
0.618391
0.620467
0.621475
0.618560
0.616710
0.618217
0.618463
0.619061
0.616216
0.620523
0.618906
0.617654
0.619602
0.621304
0.618920
0.618452
0.616941
0.618145
0.616522
0.615917
0.617953
0.621684
0.620421
0.619441
0.621014
0.619619
0.618252
0.620355
0.620807
0.621687
0.620619
0.621783
0.621070
0.620723
0.617755
0.617992
0.616232
0.615886
0.618429
0.621529
0.618870
0.617319
0.619277
0.621889
0.623145
0.624193
0.622252
0.618686
0.620072
0.615151
0.615311
0.617355
0.620208
0.619719
0.622275
0.619609
0.617865
0.619719
0.617498
0.617343
0.615130
0.618690
0.617306
0.615498
0.617576
0.619722
0.617098
0.617219
0.617032
0.616822
0.616490
0.616158
0.618692
0.619637
0.617226
0.620118
0.619866
0.616837
0.618008
0.616091
0.618263
0.619443
0.623287
0.620368
0.619987
0.619636
0.617600
0.618053
0.618695
0.617496
0.614132
0.618241
0.620306
0.621087
0.621639
0.620141
0.619343
0.619009
0.623020
0.622424
0.622619
0.621740
0.622313
0.619700
0.617511
0.619528
0.618062
0.619429
0.618935
0.619769
0.619130
0.618785
0.616736
0.617052
0.616366
0.617413
0.615961
0.618337
0.620477
0.621147
0.620395
0.620135
0.618322
0.620200
0.619615
0.621837
0.619934
0.618538
0.619381
0.617310
0.620272
0.621248
0.618135
0.617664
0.616615
0.616378
0.618005
0.616693
0.616531
0.617095
0.616360
0.614584
0.616309
0.616102
0.618408
0.618434
0.618570
0.616886
0.619138
0.618490
0.618228
0.620484
0.619975
0.617677
0.618111
0.620458
0.616526
0.618468
0.618938
0.615967
0.614287
0.619862
0.613770
0.615154
0.618489
0.617071
0.616300
0.616784
0.615927
0.617863
0.616612
0.617834
0.617130
0.616995
0.617270
0.618255
0.619858
0.619889
0.617895
0.618123
0.617058
0.618805
0.618126
0.619547
0.619227
0.617538
0.617500
0.616042
0.617394
0.614694
0.618206
0.617679
0.618480
0.616205
0.614934
0.615289
0.616409
0.617396
0.617078
0.619367
0.616496
0.616235
0.619278
0.620881
0.619232
0.618629
0.617477
0.615985
0.619461
0.618370
0.616536
0.618880
0.617717
0.615140
0.618183
0.614461
0.615608
0.615896
0.618511
0.616475
0.619112
0.617461
0.618388
0.616411
0.618103
0.619961
0.618837
0.617190
0.618789
0.618927
0.618746
0.617709
0.619161
0.617765
0.620839
0.619268
0.618173
0.620019
0.617694
0.616775
0.617198
0.618818
0.618634
0.618568
0.618619
0.617908
0.619213
0.617990
0.619391
0.616628
0.616339
0.616407
0.619486
0.617310
0.616376
0.617945
0.614737
0.616549
0.617137
0.616242
0.615548
0.616637
0.617320
0.617773
0.617735
0.618651
0.618181
0.617590
0.619917
0.617740
0.619105
0.618654
0.619257
0.619394
0.615512
0.618092
0.619159
0.620977
0.624133
0.617171
0.620400
0.618668
0.619537
0.617347
0.618017
0.617634
0.620163
0.619189
0.622918
0.620853
0.617709
0.618010
0.615933
0.615575
0.615767
0.618124
0.618922
0.615653
0.613049
0.614045
0.615499
0.616152
0.615101
0.616321
0.619764
0.618813
0.619796
0.618285
0.619231
0.619524
0.616567
0.617054
0.619723
0.617025
0.619604
0.615527
0.616779
0.615922
0.615833
0.614334
0.614780
0.616592
0.617811
0.617006
0.621244
0.618532
0.618161
0.615729
0.620369
0.620199
0.618956
0.618256
0.618077
0.620660
0.618720
0.618201
0.618954
0.619210
0.617716
0.614561
0.616821
0.618063
0.617403
0.617094
0.618293
0.615640
0.618324
0.615936
0.619804
0.618020
0.617860
0.617353
0.616720
0.619957
0.615056
0.617872
0.619748
0.621802
0.619404
0.615871
0.616889
0.617375
0.617184
0.614596
0.614613
0.617671
0.618495
0.616997
0.618851
0.617941
0.612924
0.614082
0.617357
0.619289
0.621289
0.619942
0.616159
0.618103
0.618583
0.616231
0.615916
0.617964
0.618306
0.615621
0.616353
0.615538
0.614684
0.615093
0.615113
0.615820
0.616609
0.616990
0.615679
0.615049
0.616697
0.616544
0.612761
0.613423
0.613629
0.616557
0.616194
0.614750
0.614650
0.612949
0.616444
0.615033
0.615409
0.620143
0.616366
0.615740
0.615495
0.616982
0.616865
0.616605
0.615552
0.616783
0.614120
0.617836
0.614171
0.618213
0.615694
0.615716
0.616216
0.613408
0.614240
0.616799
0.613787
0.615107
0.614929
0.616924
0.615916
0.616770
0.613424
0.614568
0.616094
0.618440
0.616653
0.619528
0.614537
0.617287
0.617201
0.617856
0.616258
0.616692
0.617391
0.614798
0.617794
0.618740
0.618532
0.619077
0.616894
0.616440
0.614322
0.615874
0.618286
0.618666
0.615246
0.616217
0.616173
0.618806
0.616527
0.616135
0.616684
0.618590
0.617956
0.618425
0.616452
0.618080
0.616059
0.617583
0.615266
0.617240
0.617604
0.619240
0.618752
0.618005
0.616020
0.617803
0.617221
0.617165
0.616324
0.619935
0.613929
0.616631
0.616612
0.620261
0.617703
0.615678
0.616676
0.617736
0.618853
0.619231
0.622310
0.622046
0.617389
0.615215
0.613431
0.618717
0.620594
0.618872
0.618215
0.619398
0.619146
0.616885
0.617355
0.619109
0.618723
0.619928
0.620416
0.617635
0.619875
0.620095
0.618144
0.616677
0.617888
0.615480
0.613993
0.615466
0.615799
0.617171
0.616194
0.615589
0.617832
0.618349
0.619678
0.617185
0.617692
0.617021
0.619272
0.620340
0.620297
0.621434
0.618064
0.618302
0.619672
0.621580
0.617345
0.619195
0.617177
0.619368
0.615327
0.615352
0.616519
0.616720
0.616212
0.618803
0.616319
0.616631
0.614438
0.619683
0.618720
0.618256
0.616792
0.617066
0.619392
0.616975
0.617340
0.618822
0.617288
0.616360
0.617174
0.613922
0.617742
0.619314
0.620232
0.616757
0.620676
0.618611
0.619522
0.616523
0.616569
0.614271
0.615245
0.613778
0.614635
0.617001
0.615828
0.614542
0.613228
0.616378
0.615242
0.615246
0.615401
0.616486
0.617849
0.615931
0.615674
0.617151
0.615437
0.615576
0.617862
0.618347
0.616109
0.619672
0.617882
0.620209
0.619035
0.617641
0.617631
0.616831
0.618797
0.619173
0.620156
0.619065
0.617638
0.617368
0.617936
0.616038
0.619341
0.619155
0.617451
0.614361
0.615632
0.617018
0.615637
0.615099
0.614208
0.618814
0.618058
0.618454
0.616220
0.613402
0.612040
0.615902
0.615640
0.614745
0.614461
0.615949
0.615050
0.618124
0.617933
0.616295
0.616916
0.616370
0.616166
0.615723
0.616303
0.614830
0.615318
0.612452
0.616655
0.616739
0.617461
0.615709
0.611734
0.612832
0.616105
0.614264
0.614450
0.614081
0.613268
0.616739
0.615812
0.614977
0.613281
0.614344
0.615331
0.615869
0.617295
0.616665
0.618999
0.618486
0.619184
0.620343
0.619749
0.619913
0.618111
0.614059
0.615913
0.617127
0.616034
0.617348
0.614770
0.617454
0.616778
0.615145
0.616418
0.618695
0.618639
0.619412
0.619424
0.621199
0.618231
0.618394
0.618169
0.616821
0.619302
0.616088
0.616363
0.618325
0.617724
0.618846
0.619408
0.620898
0.614898
0.620477
0.614667
0.612858
0.613413
0.613662
0.613476
0.613508
0.614431
0.619322
0.616110
0.617048
0.617956
0.620001
0.617297
0.618272
0.615547
0.618225
0.615610
0.613521
0.613992
0.615703
0.617795
0.617014
0.617571
0.618799
0.616363
0.615947
0.618343
0.618394
0.617885
0.615729
0.616215
0.615214
0.618439
0.614095
0.613224
0.614457
0.616828
0.614166
0.618735
0.619264
0.616232
0.617594
0.615354
0.616922
0.620140
0.620072
0.619060
0.618844
0.620159
0.619581
0.617599
0.620769
0.620528
0.618976
0.616817
0.617428
0.617423
0.616260
0.617867
0.619115
0.615443
0.613447
0.616211
0.615416
0.615413
0.615698
0.614492
0.614249
0.617718
0.615007
0.613915
0.612651
0.614768
0.612071
0.615448
0.616287
0.614726
0.613531
0.616104
0.615433
0.618121
0.615752
0.615528
0.615520
0.620232
0.616152
0.616174
0.611584
0.617357
0.617878
0.616656
0.614756
0.616403
0.616630
0.616230
0.615200
0.615576
0.619368
0.619267
0.619528
0.620549
0.617107
0.617812
0.619985
0.617270
0.617280
0.617379
0.617930
0.619522
0.617983
0.617188
0.616856
0.616600
0.617870
0.618040
0.616005
0.616435
0.620600
0.615502
0.614627
0.617618
0.615793
0.617716
0.615818
0.616128
0.614930
0.616767
0.613779
0.616924
0.616963
0.618898
0.618898
0.616682
0.616795
0.615964
0.617462
0.615396
0.613510
0.612851
0.611066
0.613178
0.612314
0.613367
0.615582
0.613437
0.614608
0.616580
0.615372
0.615387
0.615323
0.615267
0.617006
0.614242
0.616923
0.617122
0.616861
0.618056
0.618489
0.613155
0.614196
0.614255
0.613517
0.613105
0.614441
0.615319
0.614816
0.614434
0.613658
0.614559
0.614414
0.612162
0.616653
0.616334
0.614252
0.612644
0.612148
0.616134
0.615156
0.615101
0.616879
0.616722
0.615782
0.614256
0.618089
0.617177
0.617581
0.617483
0.619985
0.619601
0.618884
0.619332
0.618056
0.617193
0.621352
0.618404
0.618108
0.619186
0.620183
0.619368
0.616433
0.616147
0.617205
0.613099
0.618060
0.616601
0.614620
0.619983
0.619036
0.617779
0.618284
0.618496
0.617908
0.616274
0.616970
0.618042
0.615785
0.617038
0.619093
0.616755
0.617135
0.620030
0.618835
0.618164
0.618805
0.617709
0.615765
0.621066
0.617185
0.618317
0.617357
0.617445
0.617705
0.617628
0.620919
0.621033
0.618115
0.619242
0.615523
0.615794
0.616741
0.615007
0.614146
0.615928
0.618299
0.620300
0.616033
0.617697
0.616181
0.616237
0.616822
0.614440
0.616936
0.617878
0.617358
0.614860
0.615878
0.616843
0.615646
0.619633
0.618693
0.616642
0.613522
0.615960
0.615179
0.618688
0.617498
0.621127
0.621504
0.619521
0.616947
0.619050
0.620583
0.620223
0.618791
0.619290
0.617842
0.619876
0.621834
0.620644
0.616125
0.618440
0.618923
0.618456
0.616289
0.618442
0.619808
0.617982
0.619536
0.620417
0.619147
0.615790
0.617600
0.617102
0.616351
0.620457
0.617243
0.616141
0.613287
0.617773
0.615107
0.613893
0.619272
0.614837
0.614782
0.616137
0.617135
0.614658
0.617607
0.620885
0.621475
0.621194
0.620555
0.623533
0.622020
0.621002
0.619171
0.621554
0.620964
0.616484
0.616975
0.617779
0.620789
0.617844
0.618297
0.619011
0.615373
0.614710
0.611551
0.617401
0.618006
0.620019
0.618814
0.618722
0.616931
0.619487
0.616067
0.618273
0.616417
0.617355
0.614834
0.616569
0.615914
0.618511
0.616427
0.617427
0.616435
0.617691
0.618621
0.619493
0.619137
0.617757
0.616289
0.619157
0.618924
0.619440
0.619546
0.620707
0.616036
0.620756
0.620667
0.621338
0.620760
0.618027
0.617396
0.620549
0.620162
0.618250
0.618395
0.616095
0.617746
0.617313
0.616046
0.619636
0.617223
0.616309
0.618732
0.620124
0.619280
0.618876
0.617625
0.617540
0.617327
0.617767
0.615521
0.615474
0.614786
0.616686
0.614981
0.615203
0.613941
0.616746
0.615712
0.617067
0.617979
0.619122
0.619861
0.618950
0.617485
0.616940
0.618272
0.618038
0.616336
0.619047
0.616011
0.616347
0.617988
0.619599
0.619352
0.618875
0.619437
0.617641
0.617777
0.617576
0.618095
0.616427
0.615805
0.618355
0.617220
0.620491
0.618871
0.619675
0.619048
0.620716
0.619876
0.621203
0.620559
0.620988
0.618487
0.620470
0.620725
0.617695
0.618695
0.621049
0.617669
0.619425
0.621530
0.619422
0.618550
0.618700
0.618661
0.619760
0.618856
0.617950
0.618074
0.617299
0.616548
0.618586
0.616822
0.615252
0.615783
0.618039
0.613762
0.612742
0.610945
0.612605
0.615610
0.616515
0.617303
0.616969
0.614951
0.616941
0.618325
0.617211
0.617632
0.616237
0.616598
0.619772
0.615483
0.616035
0.617701
0.616488
0.619956
0.620438
0.621566
0.620570
0.619399
0.618798
0.620998
0.620323
0.620222
0.622000
0.619205
0.620048
0.616536
0.616426
0.617202
0.618285
0.619885
0.617924
0.616166
0.615033
0.617166
0.617545
0.616241
0.617223
0.615289
0.617064
0.619973
0.619072
0.620088
0.619634
0.616227
0.616648
0.618831
0.617554
0.616127
0.618126
0.619260
0.620289
0.618164
0.617948
0.621636
0.619859
0.618976
0.618611
0.618306
0.617348
0.613040
0.613453
0.616438
0.618971
0.613904
0.614279
0.614407
0.615280
0.618873
0.614363
0.616848
0.617682
0.618322
0.616672
0.615248
0.617640
0.619677
0.619792
0.618250
0.616807
0.614547
0.614216
0.615565
0.618056
0.617732
0.620897
0.615899
0.618798
0.619952
0.620983
0.621194
0.619457
0.618974
0.620521
0.620442
0.616920
0.615729
0.617224
0.615548
0.619174
0.620037
0.620342
0.616423
0.614852
0.616740
0.614240
0.617253
0.620506
0.620810
0.617326
0.622327
0.621914
0.616782
0.615066
0.618879
0.620096
0.616733
0.616362
0.618542
0.617941
0.617624
0.614687
0.612611
0.614338
0.615790
0.615427
0.619386
0.618356
0.616982
0.616744
0.615976
0.613478
0.615459
0.615942
0.617233
0.616586
0.616795
0.618551
0.618651
0.616540
0.617035
0.615811
0.614874
0.618001
0.619408
0.618149
0.617493
0.617146
0.616805
0.616454
0.616939
0.617867
0.617044
0.618062
0.618214
0.617333
0.616858
0.615665
0.615398
0.617606
0.614271
0.618812
0.617315
0.618551
0.615768
0.619807
0.618420
0.618911
0.619591
0.616527
0.618107
0.616168
0.614115
0.616548
0.616677
0.619946
0.618988
0.617248
0.619183
0.619081
0.617510
0.617245
0.615869
0.615802
0.617530
0.618640
0.614603
0.616793
0.615591
0.619803
0.617950
0.620990
0.620966
0.618802
0.619231
0.617300
0.617366
0.617692
0.614359
0.614062
0.617045
0.617696
0.618531
0.617915
0.618732
0.617473
0.620342
0.620640
0.620071
0.619067
0.617629
0.620902
0.619579
0.620431
0.617294
0.616969
0.615211
0.619615
0.620155
0.618219
0.617327
0.616742
0.617614
0.619404
0.618237
0.615174
0.615167
0.618094
0.617542
0.614969
0.619278
0.617336
0.619023
0.617809
0.616348
0.614359
0.616573
0.612082
0.617067
0.618205
0.618857
0.618507
0.620165
0.618243
0.615777
0.617710
0.618966
0.616427
0.617605
0.615268
0.613184
0.617356
0.618889
0.616362
0.615851
0.619543
0.621120
0.620707
0.619729
0.620219
0.619521
0.619630
0.618323
0.619190
0.616046
0.616416
0.617322
0.616381
0.616354
0.617190
0.619935
0.620661
0.620027
0.617657
0.618559
0.619862
0.618301
0.616542
0.618942
0.617741
0.619666
0.619483
0.619188
0.620538
0.620022
0.616433
0.616843
0.616530
0.615226
0.615767
0.618480
0.622994
0.617729
0.619811
0.620333
0.618159
0.617412
0.620477
0.619711
0.621176
0.619980
0.620492
0.618700
0.620077
0.622070
0.620211
0.622120
0.619509
0.620827
0.617168
0.614904
0.616879
0.615272
0.618376
0.620096
0.619541
0.620046
0.618981
0.618552
0.618002
0.617082
0.617242
0.619202
0.621494
0.617380
0.614793
0.616691
0.619068
0.618708
0.618376
0.619886
0.618193
0.620866
0.618717
0.618252
0.618676
0.618054
0.618420
0.616570
0.614721
0.616970
0.620430
0.622604
0.618207
0.619179
0.620548
0.618297
0.617834
0.619915
0.619136
0.619723
0.620626
0.621642
0.618702
0.617920
0.620297
0.616186
0.616084
0.617899
0.617691
0.619363
0.622103
0.620859
0.617811
0.620825
0.614772
0.618141
0.616352
0.617789
0.619432
0.616176
0.619061
0.619874
0.620605
0.621202
0.618895
0.619443
0.620758
0.619357
0.618048
0.615939
0.615043
0.617217
0.616915
0.617144
0.615782
0.615600
0.616268
0.615797
0.616780
0.616692
0.612688
0.613776
0.614098
0.613899
0.617224
0.614551
0.615006
0.615964
0.614489
0.618016
0.618408
0.618142
0.617854
0.618193
0.618748
0.621036
0.621395
0.617830
0.617873
0.617147
0.619230
0.613804
0.613379
0.614624
0.618875
0.614936
0.616301
0.616921
0.615461
0.616703
0.613623
0.611703
0.615356
0.614237
0.613880
0.614122
0.614993
0.615716
0.617432
0.617238
0.619321
0.617286
0.616383
0.617287
0.614208
0.613655
0.613925
0.617096
0.616998
0.614633
0.615554
0.613795
0.615754
0.617196
0.614720
0.616675
0.618209
0.617606
0.615032
0.616920
0.614731
0.620036
0.619118
0.621557
0.617573
0.616406
0.618073
0.619424
0.617918
0.615445
0.615116
0.613843
0.619568
0.619910
0.616873
0.619334
0.618206
0.616686
0.615916
0.615637
0.615842
0.615843
0.615167
0.615846
0.620349
0.618858
0.617631
0.616718
0.615336
0.615469
0.620481
0.619475
0.616523
0.616707
0.615146
0.616424
0.616647
0.615835
0.618489
0.616507
0.615409
0.616007
0.617922
0.616092
0.616274
0.618824
0.617785
0.619133
0.620076
0.617861
0.616663
0.617447
0.615486
0.614883
0.614485
0.614053
0.616301
0.615464
0.618064
0.616504
0.614855
0.618899
0.618882
0.620792
0.619327
0.618750
0.614791
0.618015
0.617215
0.618233
0.617672
0.616147
0.616107
0.615846
0.616318
0.620048
0.620320
0.617128
0.617215
0.618893
0.619249
0.619840
0.616469
0.619193
0.618870
0.618016
0.619748
0.620637
0.623652
0.619103
0.619743
0.617143
0.617675
0.618160
0.617029
0.617452
0.617277
0.615163
0.615846
0.617529
0.618409
0.620589
0.621171
0.620747
0.620057
0.620748
0.618201
0.618970
0.620658
0.618525
0.619101
0.617691
0.617316
0.616642
0.618092
0.614997
0.615844
0.615869
0.617779
0.619174
0.618169
0.619546
0.621157
0.618511
0.619650
0.618751
0.617773
0.617208
0.616979
0.619407
0.619034
0.618900
0.619265
0.619258
0.619260
0.617893
0.618905
0.619508
0.619609
0.617485
0.617648
0.617058
0.614533
0.616550
0.613791
0.617987
0.618236
0.616952
0.617335
0.613951
0.614508
0.614921
0.615657
0.614965
0.615402
0.614273
0.616923
0.613718
0.615930
0.615905
0.613983
0.616240
0.616820
0.615282
0.615465
0.614255
0.612444
0.614724
0.615810
0.616927
0.616440
0.614953
0.616897
0.617303
0.617701
0.617823
0.614479
0.614326
0.615886
0.615893
0.618778
0.618782
0.618697
0.620627
0.621827
0.618301
0.618711
0.617852
0.618401
0.619794
0.619355
0.618258
0.618884
0.620878
0.616814
0.616883
0.619393
0.618606
0.620147
0.619482
0.617061
0.616974
0.615508
0.614988
0.614641
0.615371
0.615890
0.614527
0.616279
0.618212
0.618726
0.614593
0.614495
0.618647
0.618823
0.620529
0.619372
0.619533
0.617498
0.616370
0.617944
0.617743
0.618581
0.616379
0.612564
0.616648
0.620261
0.618072
0.620157
0.618626
0.616883
0.615809
0.617101
0.616960
0.617959
0.615086
0.616922
0.615962
0.616770
0.614552
0.616258
0.618065
0.615010
0.618327
0.619708
0.617032
0.616705
0.618729
0.617526
0.615726
0.614657
0.615900
0.615085
0.618751
0.619234
0.616900
0.618131
0.619239
0.620590
0.619261
0.620953
0.618772
0.617089
0.615290
0.617331
0.616054
0.616727
0.619206
0.618025
0.621884
0.618973
0.614407
0.617937
0.615899
0.614845
0.616172
0.618222
0.619541
0.619244
0.618362
0.619085
0.616942
0.620817
0.618559
0.616129
0.614862
0.614830
0.618695
0.616522
0.616641
0.615843
0.617285
0.614911
0.615266
0.616300
0.616828
0.618628
0.620574
0.619339
0.616444
0.617058
0.619371
0.620760
0.619208
0.619773
0.617797
0.616864
0.616262
0.619383
0.616637
0.618963
0.617036
0.619173
0.617976
0.619658
0.618753
0.619078
0.618677
0.616420
0.619581
0.617218
0.615569
0.619935
0.619373
0.620348
0.618950
0.616449
0.616559
0.617992
0.616518
0.616737
0.620218
0.620444
0.616903
0.615529
0.619821
0.620682
0.623613
0.621742
0.620029
0.622275
0.617447
0.616416
0.618088
0.617372
0.620216
0.615794
0.617646
0.614912
0.615601
0.615677
0.616568
0.619195
0.616689
0.616614
0.617099
0.617162
0.616926
0.616323
0.617331
0.618153
0.617476
0.619660
0.619795
0.618450
0.619154
0.618756
0.617202
0.616911
0.616092
0.614772
0.613008
0.611663
0.614621
0.618017
0.615798
0.615937
0.616934
0.615050
0.617485
0.614697
0.615773
0.615390
0.617265
0.616374
0.612089
0.617167
0.617565
0.617794
0.619911
0.618340
0.619715
0.618351
0.616286
0.616704
0.618951
0.619489
0.618592
0.618721
0.618439
0.617820
0.618840
0.619343
0.618065
0.619792
0.617266
0.618670
0.618542
0.618600
0.619429
0.623366
0.620649
0.620189
0.619356
0.618693
0.617887
0.618184
0.618721
0.621411
0.620556
0.620942
0.616384
0.617026
0.617038
0.617085
0.616131
0.621407
0.619743
0.619240
0.619925
0.616212
0.618478
0.616035
0.617626
0.619505
0.622572
0.615980
0.619272
0.620220
0.620552
0.619502
0.615951
0.621331
0.616505
0.618597
0.620723
0.619683
0.618876
0.615353
0.619547
0.617589
0.617751
0.616871
0.617373
0.619653
0.617936
0.617399
0.616877
0.614886
0.618969
0.621721
0.618004
0.617510
0.617507
0.622290
0.618497
0.617231
0.618650
0.618232
0.619574
0.620769
0.619331
0.620812
0.621171
0.621735
0.621428
0.617911
0.620235
0.618563
0.619934
0.617053
0.616543
0.615594
0.617736
0.618606
0.619344
0.622015
0.621571
0.618988
0.616577
0.616626
0.620376
0.620180
0.622289
0.624753
0.620208
0.619039
0.619618
0.616357
0.615545
0.615373
0.618032
0.617617
0.619325
0.620534
0.621891
0.615355
0.614827
0.617186
0.615384
0.619213
0.618515
0.618257
0.619448
0.618785
0.619781
0.620344
0.618820
0.620907
0.618945
0.618910
0.616489
0.618180
0.617171
0.618061
0.619516
0.617737
0.616224
0.617356
0.614552
0.615411
0.618387
0.619385
0.620119
0.619775
0.621099
0.619184
0.621340
0.621409
0.621543
0.617722
0.618083
0.620406
0.620638
0.617677
0.616918
0.617523
0.617662
0.616394
0.616125
0.618115
0.616924
0.616936
0.618719
0.621182
0.616993
0.618271
0.617396
0.619736
0.618578
0.622033
0.621221
0.621027
0.615674
0.616437
0.616852
0.616851
0.615888
0.618391
0.619171
0.617181
0.614684
0.614743
0.614000
0.615019
0.616654
0.618474
0.614890
0.616159
0.614603
0.616015
0.619836
0.616584
0.615666
0.617026
0.616046
0.615406
0.617944
0.616450
0.617789
0.617240
0.618080
0.616145
0.617454
0.616095
0.616788
0.615239
0.615979
0.615731
0.617923
0.616292
0.616749
0.617283
0.619144
0.620378
0.619847
0.616113
0.616779
0.614823
0.614569
0.617872
0.618378
0.614019
0.617371
0.616405
0.619317
0.615069
0.617264
0.616576
0.616797
0.615368
0.616796
0.615877
0.618216
0.618493
0.620585
0.620249
0.617968
0.616798
0.616682
0.615386
0.617119
0.615328
0.615716
0.616730
0.616894
0.617477
0.617844
0.615141
0.614476
0.617346
0.615307
0.615586
0.618018
0.617835
0.616104
0.617269
0.620049
0.621315
0.621994
0.620637
0.620256
0.619208
0.619139
0.617506
0.617473
0.620370
0.619106
0.619640
0.617019
0.619553
0.616581
0.615014
0.614876
0.617187
0.618647
0.616737
0.618430
0.617114
0.615181
0.613056
0.617715
0.619854
0.619997
0.618617
0.617863
0.617092
0.619043
0.616827
0.616099
0.615759
0.615396
0.618970
0.615800
0.615866
0.614968
0.616233
0.618267
0.619513
0.620329
0.619245
0.621339
0.621236
0.621686
0.620059
0.618357
0.618706
0.621276
0.618257
0.619531
0.617794
0.618711
0.620861
0.622871
0.619840
0.617894
0.617484
0.617584
0.616700
0.615536
0.615239
0.618699
0.618065
0.616982
0.618177
0.617294
0.618368
0.619060
0.615231
0.617483
0.618689
0.620735
0.619852
0.618850
0.617444
0.616435
0.617903
0.618490
0.618499
0.617983
0.615483
0.619389
0.616621
0.618935
0.616194
0.620048
0.620867
0.620132
0.618083
0.618225
0.617674
0.620662
0.620078
0.620363
0.618099
0.618665
0.616846
0.616398
0.615172
0.616370
0.612579
0.615026
0.613293
0.613869
0.613660
0.611206
0.611469
0.613236
0.615929
0.615326
0.616814
0.615744
0.614969
0.616803
0.614996
0.616652
0.618383
0.617480
0.618425
0.616274
0.615749
0.616761
0.617094
0.617441
0.618253
0.616917
0.618968
0.619357
0.617486
0.617958
0.618723
0.617476
0.618707
0.621122
0.621759
0.621754
0.617433
0.617641
0.614750
0.613389
0.616129
0.617020
0.615221
0.617449
0.616463
0.617862
0.620338
0.618586
0.618988
0.618544
0.616076
0.618071
0.616138
0.617174
0.619937
0.618227
0.618094
0.618051
0.618916
0.618721
0.620319
0.619342
0.615810
0.619479
0.620628
0.619903
0.619577
0.618429
0.616699
0.618402
0.619782
0.621040
0.621593
0.619829
0.622186
0.621510
0.615113
0.615012
0.616362
0.617701
0.621186
0.617981
0.617698
0.615884
0.616300
0.617619
0.617188
0.620601
0.617786
0.616650
0.617473
0.618383
0.616528
0.616375
0.617727
0.617604
0.617703
0.620097
0.618220
0.617438
0.619247
0.620521
0.620622
0.621058
0.618056
0.618893
0.622320
0.620199
0.618195
0.617704
0.620254
0.619789
0.618725
0.616986
0.618549
0.618881
0.618794
0.620015
0.618826
0.620303
0.617681
0.619197
0.619391
0.618534
0.617536
0.619075
0.620514
0.616189
0.620483
0.619548
0.619451
0.616868
0.618268
0.616892
0.619792
0.620865
0.616263
0.618161
0.619991
0.618953
0.616622
0.618559
0.617662
0.614883
0.617834
0.620272
0.618198
0.614854
0.617446
0.618410
0.617737
0.617594
0.616800
0.617162
0.614341
0.616228
0.619412
0.615253
0.616599
0.617461
0.616272
0.618471
0.618543
0.616085
0.617278
0.618487
0.617109
0.621391
0.617977
0.619772
0.613994
0.616361
0.619124
0.617789
0.620820
0.617935
0.619340
0.617797
0.613343
0.616179
0.616877
0.616762
0.618402
0.618391
0.615565
0.617690
0.618260
0.615307
0.613596
0.617007
0.614795
0.614716
0.613181
0.614069
0.611613
0.612907
0.614738
0.616989
0.614551
0.615858
0.614705
0.617935
0.615863
0.617597
0.617374
0.620923
0.619096
0.618615
0.616145
0.617526
0.619144
0.616772
0.613937
0.615012
0.616134
0.617294
0.616161
0.614323
0.614802
0.616643
0.618776
0.617626
0.620786
0.619939
0.621961
0.622192
0.621605
0.620411
0.621201
0.621598
0.620180
0.620205
0.621177
0.617258
0.616609
0.615817
0.615776
0.616638
0.619076
0.619827
0.620061
0.618156
0.618199
0.617367
0.620814
0.618965
0.615876
0.617404
0.616891
0.619493
0.617889
0.619261
0.617644
0.618302
0.618061
0.619215
0.619770
0.619880
0.618739
0.617075
0.617807
0.617712
0.618025
0.619075
0.618848
0.616810
0.618525
0.615354
0.615438
0.616370
0.616626
0.615840
0.617085
0.615808
0.619167
0.617712
0.617105
0.619097
0.617592
0.616904
0.615430
0.613934
0.614930
0.614040
0.616261
0.618453
0.617133
0.616446
0.616763
0.614329
0.615352
0.613096
0.616519
0.615040
0.615891
0.617311
0.614993
0.615639
0.617934
0.617517
0.617439
0.618009
0.617207
0.616303
0.614458
0.615206
0.614651
0.616065
0.614508
0.618476
0.616575
0.616290
0.617041
0.618646
0.615843
0.614246
0.619865
0.616575
0.620602
0.616425
0.617541
0.614762
0.614170
0.614939
0.612848
0.615653
0.618658
0.617650
0.615574
0.615504
0.614943
0.617326
0.618140
0.615154
0.616451
0.614656
0.616394
0.617591
0.617933
0.617189
0.618324
0.615908
0.615079
0.619038
0.617942
0.619191
0.620164
0.615364
0.616409
0.615883
0.617901
0.617717
0.616792
0.613891
0.616991
0.618051
0.617590
0.616606
0.614364
0.614291
0.617468
0.617060
0.619120
0.617990
0.617549
0.618036
0.616544
0.615902
0.612840
0.613929
0.616997
0.618853
0.619061
0.618245
0.618607
0.616125
0.617018
0.618182
0.617860
0.620171
0.618201
0.619443
0.617717
0.619358
0.621590
0.618661
0.616311
0.616439
0.614308
0.617046
0.619356
0.617317
0.616496
0.613745
0.616858
0.617138
0.613669
0.616998
0.618732
0.619647
0.616162
0.617950
0.616386
0.618062
0.616299
0.618116
0.618873
0.617045
0.618298
0.616232
0.620286
0.618974
0.616075
0.618120
0.619612
0.618709
0.618350
0.617859
0.618384
0.619535
0.620486
0.619863
0.617770
0.617254
0.614639
0.617107
0.615887
0.619154
0.619035
0.617813
0.617142
0.619144
0.615510
0.615071
0.619493
0.617858
0.615061
0.616485
0.617894
0.616460
0.619622
0.620432
0.619169
0.618859
0.619982
0.620748
0.618958
0.621941
0.623344
0.622752
0.623482
0.622673
0.620658
0.619613
0.621001
0.620317
0.619613
0.618685
0.620045
0.619790
0.618580
0.618687
0.616720
0.621004
0.619189
0.619612
0.619720
0.616790
0.619596
0.619800
0.620601
0.618802
0.618781
0.621359
0.619589
0.618464
0.618059
0.613814
0.620343
0.618530
0.619297
0.618104
0.616809
0.617276
0.616925
0.614482
0.617654
0.618635
0.616908
0.616745
0.619500
0.618939
0.619795
0.619606
0.617953
0.616849
0.616033
0.620933
0.620159
0.618669
0.617698
0.618536
0.618249
0.617491
0.620795
0.617127
0.617631
0.616623
0.616760
0.616855
0.617962
0.617082
0.618238
0.620795
0.619214
0.619290
0.620634
0.620848
0.619209
0.618930
0.618201
0.618452
0.616362
0.616115
0.618686
0.618321
0.618790
0.615837
0.618629
0.619548
0.615786
0.619970
0.619668
0.620668
0.617986
0.617241
0.616345
0.617773
0.616408
0.618393
0.618942
0.619956
0.620201
0.619556
0.619958
0.621097
0.620998
0.617641
0.617603
0.620575
0.620103
0.619638
0.619823
0.619852
0.620723
0.620588
0.619198
0.616702
0.619527
0.616776
0.616102
0.617930
0.619519
0.620575
0.619556
0.621345
0.617629
0.616608
0.616783
0.617532
0.617304
0.616431
0.616911
0.619304
0.618166
0.616119
0.619320
0.615302
0.617198
0.615336
0.612822
0.617220
0.617954
0.617898
0.616129
0.614256
0.617991
0.619181
0.618246
0.617569
0.616169
0.618517
0.619664
0.619886
0.619095
0.614223
0.614625
0.616840
0.614801
0.617704
0.616472
0.621038
0.621524
0.619216
0.620707
0.622714
0.619510
0.616604
0.618443
0.619150
0.615287
0.616773
0.616224
0.616439
0.618757
0.616566
0.619536
0.619621
0.616682
0.617677
0.616263
0.612857
0.615567
0.617518
0.618204
0.613430
0.617206
0.615140
0.614389
0.614239
0.614095
0.614670
0.616200
0.615525
0.616779
0.616640
0.617222
0.617781
0.618990
0.618946
0.620919
0.617832
0.617459
0.619341
0.621239
0.617211
0.616987
0.618421
0.618444
0.616224
0.616880
0.615212
0.619012
0.619061
0.619114
0.619379
0.619376
0.617093
0.618760
0.618993
0.616348
0.615435
0.616465
0.617835
0.620698
0.616414
0.617161
0.617751
0.617060
0.622053
0.621202
0.617370
0.616762
0.618778
0.616811
0.614659
0.615805
0.617800
0.614991
0.617307
0.617173
0.617981
0.616369
0.618123
0.618778
0.615566
0.617778
0.619954
0.616230
0.615131
0.615017
0.618374
0.618218
0.616173
0.615173
0.617386
0.613752
0.615045
0.615530
0.617624
0.617348
0.620575
0.617210
0.617215
0.618382
0.617965
0.615197
0.616301
0.612824
0.614343
0.614420
0.614686
0.616593
0.615061
0.618346
0.618483
0.616885
0.615164
0.616158
0.617269
0.615840
0.617621
0.618509
0.616751
0.618634
0.617903
0.616563
0.616931
0.616048
0.615704
0.617659
0.618041
0.619097
0.618415
0.619913
0.617928
0.618601
0.618211
0.618484
0.618223
0.615283
0.614899
0.616153
0.615694
0.616102
0.618997
0.619025
0.620981
0.618287
0.620202
0.617130
0.617876
0.615139
0.614979
0.616338
0.616851
0.616414
0.615672
0.613698
0.620774
0.618027
0.616325
0.618384
0.619857
0.617659
0.619889
0.617509
0.614552
0.611132
0.616724
0.615066
0.618282
0.614111
0.614012
0.616125
0.618343
0.615497
0.615747
0.616570
0.617665
0.618707
0.617943
0.616986
0.618882
0.616137
0.615908
0.615826
0.619792
0.619728
0.619490
0.620795
0.615413
0.616812
0.614991
0.615532
0.615206
0.614500
0.615631
0.615139
0.616055
0.621129
0.618681
0.614434
0.618555
0.619568
0.617915
0.617216
0.617804
0.615266
0.616456
0.615955
0.616820
0.617423
0.617003
0.616409
0.617147
0.621280
0.620570
0.620396
0.620710
0.622649
0.618550
0.622127
0.620110
0.620206
0.619708
0.619116
0.618981
0.618502
0.618469
0.616311
0.617519
0.617461
0.616862
0.617135
0.618460
0.616881
0.615517
0.614105
0.613994
0.615934
0.614873
0.615958
0.617648
0.616118
0.615112
0.618327
0.618472
0.616893
0.615251
0.616844
0.616530
0.614505
0.617779
0.616535
0.616235
0.614021
0.613979
0.612974
0.615102
0.616266
0.616596
0.620147
0.617486
0.618946
0.618752
0.618791
0.616795
0.616303
0.617180
0.617988
0.619388
0.618611
0.619870
0.620139
0.619219
0.621282
0.620922
0.616680
0.614195
0.613479
0.614265
0.615451
0.616295
0.617763
0.616580
0.620292
0.620016
0.618096
0.619629
0.622349
0.619119
0.619242
0.620828
0.619821
0.617928
0.618576
0.618955
0.618031
0.617844
0.619799
0.618619
0.618324
0.618293
0.616939
0.617501
0.616798
0.617484
0.617640
0.618711
0.618271
0.617353
0.618848
0.617357
0.618709
0.621117
0.619447
0.620036
0.618520
0.619201
0.619843
0.619258
0.616617
0.619193
0.616973
0.618224
0.619639
0.619419
0.620139
0.617717
0.618164
0.621616
0.622641
0.622116
0.620629
0.621251
0.621049
0.618101
0.619347
0.615710
0.617677
0.618790
0.618476
0.618950
0.617901
0.621016
0.616215
0.614261
0.615967
0.618032
0.614182
0.617767
0.617269
0.618071
0.618936
0.618680
0.618243
0.617220
0.618399
0.619879
0.619420
0.619070
0.619471
0.621854
0.621512
0.620134
0.619102
0.619150
0.617452
0.620730
0.620655
0.617437
0.618969
0.619030
0.615681
0.619510
0.620308
0.617871
0.617956
0.620314
0.617245
0.618261
0.618479
0.617891
0.618565
0.619996
0.621470
0.616644
0.617608
0.615909
0.617247
0.615930
0.618097
0.618607
0.617580
0.618242
0.618225
0.618320
0.618451
0.618948
0.615681
0.614353
0.618149
0.617772
0.615240
0.616698
0.617041
0.619075
0.618634
0.618799
0.617453
0.615832
0.614067
0.616202
0.615104
0.616485
0.615230
0.617488
0.616843
0.614769
0.615888
0.617775
0.615323
0.616070
0.614627
0.615605
0.615293
0.615884
0.617429
0.616573
0.617236
0.616401
0.619177
0.616935
0.619286
0.620463
0.620518
0.621472
0.616350
0.619201
0.615103
0.616471
0.613997
0.616514
0.616744
0.614764
0.612832
0.610767
0.614377
0.613894
0.617507
0.619014
0.617413
0.619586
0.618076
0.618138
0.617803
0.617082
0.617067
0.618309
0.616986
0.619002
0.617407
0.619312
0.617076
0.620085
0.619788
0.622394
0.623680
0.620686
0.619084
0.616348
0.618834
0.614695
0.616781
0.618687
0.620326
0.621175
0.620037
0.620120
0.618570
0.621632
0.623265
0.623372
0.621991
0.618015
0.619642
0.618322
0.617104
0.615345
0.616276
0.617569
0.619794
0.619482
0.619406
0.620973
0.619344
0.618376
0.617159
0.621065
0.618444
0.617785
0.618220
0.620825
0.621464
0.617839
0.617746
0.616550
0.611753
0.617821
0.615171
0.616678
0.617848
0.614623
0.615498
0.617820
0.618424
0.618044
0.616765
0.618053
0.616853
0.619321
0.618886
0.616894
0.615839
0.619776
0.618979
0.617682
0.614309
0.615753
0.616033
0.614754
0.613333
0.616670
0.616227
0.619319
0.615377
0.617248
0.616120
0.615043
0.615561
0.615050
0.615664
0.615938
0.618417
0.617342
0.617355
0.616581
0.618179
0.619193
0.619803
0.620290
0.618846
0.620860
0.619441
0.617963
0.617967
0.616275
0.617270
0.617790
0.616703
0.614899
0.616073
0.613867
0.613618
0.613834
0.615082
0.614627
0.612356
0.615878
0.614633
0.617883
0.616294
0.614733
0.613490
0.614658
0.616902
0.615868
0.612483
0.616040
0.614555
0.614835
0.616294
0.616319
0.617415
0.616676
0.617660
0.618609
0.615269
0.615175
0.617609
0.615210
0.618367
0.617230
0.616361
0.615293
0.615026
0.618200
0.617762
0.616882
0.619798
0.617149
0.615011
0.614782
0.618751
0.617550
0.617858
0.619426
0.617119
0.615723
0.618394
0.618492
0.616286
0.617495
0.619048
0.616212
0.619183
0.618192
0.616651
0.618165
0.617537
0.614075
0.616512
0.618890
0.620634
0.618717
0.620235
0.621824
0.621518
0.621879
0.620862
0.620216
0.618065
0.618866
0.618134
0.621808
0.620861
0.616668
0.620184
0.621744
0.621374
0.616498
0.619918
0.618097
0.618071
0.620141
0.616355
0.618887
0.617078
0.618805
0.618218
0.616793
0.617819
0.619697
0.620244
0.621147
0.624091
0.621351
0.620544
0.619964
0.619755
0.621064
0.618376
0.616548
0.616732
0.615964
0.616798
0.618572
0.622162
0.616993
0.613745
0.614765
0.614583
0.611339
0.615652
0.617441
0.619531
0.618493
0.614880
0.613271
0.617906
0.618519
0.616851
0.620028
0.619384
0.616096
0.621146
0.618367
0.618096
0.615931
0.617404
0.618752
0.616746
0.616030
0.616323
0.616571
0.615929
0.618333
0.616918
0.617547
0.620623
0.619665
0.620293
0.619711
0.619178
0.619633
0.613660
0.616593
0.613934
0.618258
0.619457
0.617722
0.618659
0.619838
0.617925
0.617922
0.618092
0.620425
0.617366
0.617285
0.616477
0.619845
0.620659
0.617541
0.616894
0.619099
0.616723
0.617660
0.619294
0.620291
0.621114
0.615259
0.614841
0.618714
0.614982
0.615440
0.618809
0.614913
0.618047
0.621285
0.620922
0.617387
0.618472
0.617243
0.614711
0.617927
0.616175
0.616062
0.617165
0.615797
0.616057
0.617917
0.619130
0.616297
0.617363
0.617744
0.617183
0.614374
0.615780
0.615904
0.615162
0.615383
0.616367
0.615932
0.613241
0.613074
0.614802
0.616258
0.617084
0.617424
0.616413
0.618045
0.619664
0.618761
0.616141
0.617301
0.615674
0.616679
0.618380
0.617554
0.616875
0.617250
0.616931
0.619634
0.619478
0.616825
0.620094
0.619168
0.615623
0.615462
0.618509
0.617333
0.616706
0.616762
0.616893
0.615609
0.612926
0.616733
0.613389
0.616591
0.617804
0.620156
0.616600
0.616733
0.619348
0.618482
0.615275
0.618791
0.617546
0.617955
0.615569
0.619295
0.618082
0.616840
0.619678
0.619996
0.619070
0.618738
0.619690
0.618644
0.617895
0.620186
0.618857
0.616322
0.617186
0.619882
0.619236
0.616752
0.618560
0.619075
0.620292
0.618479
0.616596
0.619720
0.615667
0.616734
0.617174
0.620163
0.619115
0.620046
0.619100
0.620636
0.619970
0.617033
0.619839
0.617772
0.619227
0.617769
0.614558
0.615611
0.615563
0.619422
0.619021
0.615836
0.614072
0.613967
0.616928
0.615888
0.612850
0.618877
0.618331
0.618910
0.618030
0.619267
0.620084
0.620691
0.617776
0.619565
0.620293
0.620151
0.621322
0.616279
0.618292
0.617949
0.618476
0.617611
0.618861
0.619194
0.615555
0.617960
0.615401
0.615855
0.615205
0.615143
0.615320
0.615680
0.617067
0.613710
0.615917
0.616061
0.615447
0.614848
0.616961
0.616407
0.617263
0.617666
0.614977
0.614780
0.615166
0.618542
0.619552
0.617088
0.615823
0.618910
0.620042
0.620670
0.617661
0.616835
0.615616
0.614280
0.614667
0.616799
0.616732
0.615466
0.618621
0.619061
0.618906
0.615607
0.620076
0.617946
0.619043
0.619092
0.617632
0.616810
0.618052
0.618299
0.618111
0.616684
0.617303
0.617364
0.614389
0.616608
0.615507
0.615088
0.617742
0.616615
0.617000
0.616483
0.619296
0.618551
0.616757
0.618162
0.619255
0.618805
0.619137
0.619485
0.619251
0.616708
0.617661
0.615546
0.617606
0.618211
0.617893
0.619101
0.619582
0.618142
0.619036
0.616949
0.614456
0.614406
0.617804
0.616710
0.618394
0.617489
0.618675
0.618608
0.617796
0.619516
0.619748
0.614746
0.616962
0.614932
0.618630
0.617726
0.617099
0.620056
0.619126
0.619583
0.620755
0.619128
0.618268
0.618104
0.620695
0.615531
0.620334
0.617371
0.613945
0.615891
0.617712
0.613617
0.616562
0.616267
0.617703
0.617635
0.618525
0.618673
0.618648
0.619716
0.621152
0.619172
0.616047
0.616591
0.616083
0.619460
0.620359
0.618336
0.618347
0.617900
0.618582
0.617073
0.616503
0.616828
0.615205
0.616069
0.619132
0.619704
0.617260
0.619327
0.616256
0.614599
0.617550
0.617563
0.618473
0.618303
0.621678
0.621354
0.619935
0.617431
0.618188
0.616795
0.619720
0.618824
0.617980
0.615449
0.616164
0.617273
0.617917
0.619287
0.618572
0.618644
0.618279
0.615286
0.616158
0.615463
0.615055
0.617452
0.617832
0.618535
0.619474
0.618697
0.619368
0.618149
0.620670
0.619386
0.620160
0.620606
0.621454
0.620832
0.619397
0.617121
0.619127
0.619411
0.620430
0.618175
0.618629
0.617981
0.619089
0.617562
0.616848
0.617242
0.617052
0.618748
0.617667
0.619392
0.619710
0.620343
0.619136
0.620622
0.616624
0.619392
0.617122
0.617205
0.617085
0.618562
0.615659
0.616599
0.616715
0.619718
0.618146
0.617437
0.616837
0.617691
0.615738
0.619402
0.619932
0.619025
0.618243
0.618179
0.618500
0.615144
0.617152
0.616478
0.618535
0.620531
0.618836
0.617869
0.617152
0.617048
0.615817
0.615659
0.616442
0.614186
0.615953
0.618343
0.617241
0.616870
0.616905
0.617409
0.614481
0.616380
0.618088
0.618331
0.616211
0.616531
0.612987
0.616662
0.616465
0.610922
0.614860
0.611674
0.613717
0.616616
0.617855
0.618253
0.619513
0.616455
0.617136
0.618116
0.619928
0.619356
0.619614
0.617155
0.620692
0.618348
0.615674
0.615909
0.618396
0.618365
0.615866
0.618273
0.619302
0.617920
0.616426
0.617012
0.616423
0.617140
0.618673
0.617155
0.616624
0.617120
0.616615
0.616614
0.615610
0.616248
0.616184
0.615991
0.616685
0.619487
0.619035
0.614374
0.615670
0.617103
0.617274
0.614231
0.618771
0.619845
0.618172
0.620092
0.617575
0.617244
0.617809
0.616663
0.616441
0.617754
0.616522
0.616806
0.618512
0.618555
0.615206
0.617081
0.615650
0.617346
0.613985
0.617046
0.617405
0.618378
0.619948
0.619695
0.621356
0.618694
0.618070
0.617915
0.617482
0.616545
0.616650
0.618648
0.617590
0.615702
0.617533
0.618890
0.619363
0.616951
0.618991
0.619368
0.621284
0.620651
0.616117
0.615415
0.617623
0.618103
0.613107
0.615676
0.614558
0.616475
0.616273
0.619395
0.616973
0.615817
0.618234
0.615670
0.614151
0.615978
0.616011
0.617166
0.614733
0.616259
0.616583
0.618781
0.616955
0.618471
0.615711
0.616118
0.616617
0.615671
0.618139
0.619630
0.616661
0.618108
0.615722
0.615473
0.617730
0.617380
0.617802
0.618285
0.619811
0.623352
0.621428
0.620768
0.616753
0.615334
0.615608
0.618379
0.618598
0.617997
0.621245
0.619678
0.618886
0.618072
0.617478
0.621467
0.616649
0.617892
0.616437
0.618106
0.617772
0.617934
0.612975
0.617084
0.615383
0.616730
0.617522
0.614824
0.615871
0.616110
0.615311
0.615062
0.612543
0.615692
0.617478
0.617569
0.617157
0.617242
0.616311
0.614028
0.614696
0.616961
0.615488
0.613833
0.619573
0.618863
0.618262
0.617891
0.616790
0.620253
0.620233
0.619036
0.618091
0.618600
0.618992
0.620812
0.620317
0.619341
0.618996
0.616025
0.616187
0.616165
0.616601
0.614630
0.615964
0.617106
0.619552
0.618217
0.618424
0.619463
0.614250
0.618621
0.614458
0.618641
0.619209
0.620259
0.621012
0.619472
0.617458
0.615605
0.615655
0.618458
0.617438
0.617589
0.614787
0.617522
0.618605
0.616566
0.613938
0.616514
0.616788
0.617552
0.616135
0.616350
0.618010
0.616478
0.616168
0.616308
0.615885
0.613585
0.614421
0.617334
0.615137
0.617156
0.617250
0.618226
0.617177
0.616075
0.614913
0.617261
0.621691
0.619172
0.619000
0.614687
0.617593
0.617375
0.617003
0.616708
0.622241
0.616620
0.620897
0.616323
0.621633
0.618282
0.616289
0.619070
0.616824
0.616174
0.617896
0.615678
0.617707
0.615392
0.615700
0.613785
0.615699
0.615225
0.617935
0.617755
0.619937
0.617649
0.618085
0.619986
0.618461
0.618081
0.617432
0.616001
0.616554
0.616385
0.615945
0.618050
0.618466
0.619714
0.619492
0.619426
0.619957
0.621690
0.620959
0.618015
0.620294
0.617271
0.615612
0.617958
0.618009
0.617839
0.619434
0.619213
0.618313
0.618692
0.616260
0.617424
0.620904
0.619865
0.621587
0.618971
0.616842
0.616711
0.618273
0.619843
0.619678
0.617591
0.618158
0.618812
0.620622
0.618312
0.617901
0.620549
0.617673
0.615505
0.618575
0.615412
0.615615
0.617070
0.617934
0.620130
0.619024
0.617110
0.617053
0.616675
0.617457
0.617106
0.616345
0.615992
0.617438
0.616294
0.617161
0.618690
0.617753
0.614123
0.614412
0.617363
0.614102
0.614307
0.614575
0.616506
0.614590
0.613382
0.618977
0.616493
0.615033
0.615333
0.615734
0.618058
0.616086
0.614473
0.613886
0.615274
0.614915
0.614112
0.615966
0.614225
0.616163
0.615382
0.615336
0.617159
0.618418
0.616437
0.616058
0.616982
0.613602
0.616277
0.614799
0.616533
0.620013
0.620372
0.619484
0.620630
0.621509
0.619023
0.619796
0.621052
0.618088
0.617566
0.619977
0.621056
0.621185
0.619316
0.618237
0.617774
0.622860
0.619526
0.617233
0.619289
0.620277
0.619180
0.617966
0.619890
0.616874
0.619246
0.620626
0.618583
0.617586
0.618165
0.618605
0.621678
0.619684
0.618667
0.620064
0.617516
0.617923
0.616041
0.617316
0.616682
0.617489
0.615144
0.615121
0.615394
0.618391
0.614545
0.615794
0.617707
0.617881
0.616408
0.617901
0.617973
0.617578
0.619519
0.618444
0.618603
0.621069
0.621464
0.621014
0.616834
0.619210
0.621965
0.619333
0.620807
0.617783
0.618412
0.623123
0.620716
0.619210
0.620791
0.618958
0.621524
0.617267
0.615985
0.616333
0.617287
0.622221
0.620871
0.620352
0.619792
0.622567
0.619819
0.617149
0.620596
0.619756
0.619498
0.618212
0.618420
0.617852
0.619235
0.620243
0.616484
0.616236
0.618807
0.617919
0.617136
0.620984
0.618555
0.618167
0.619593
0.618946
0.619865
0.620228
0.621337
0.619004
0.621287
0.619574
0.616799
0.619261
0.615866
0.617444
0.616583
0.617427
0.616074
0.614627
0.617693
0.620360
0.620332
0.621016
0.621607
0.619292
0.620059
0.618163
0.618099
0.620105
0.615572
0.614533
0.616906
0.617294
0.613765
0.617638
0.618010
0.619280
0.619543
0.617640
0.616829
0.618502
0.619336
0.621820
0.618115
0.616017
0.617636
0.615481
0.615529
0.617221
0.616875
0.616282
0.615216
0.619455
0.618926
0.619610
0.616942
0.618426
0.617057
0.616597
0.618142
0.616620
0.615780
0.618857
0.616766
0.619786
0.619330
0.618663
0.614253
0.616427
0.617382
0.616326
0.617056
0.614559
0.615403
0.619412
0.619931
0.619611
0.619539
0.619936
0.620125
0.619221
0.620413
0.621572
0.620440
0.619417
0.620430
0.620403
0.619162
0.618373
0.620462
0.622741
0.621335
0.621026
0.622138
0.619370
0.620257
0.620665
0.620886
0.618464
0.613695
0.615274
0.618493
0.621163
0.622605
0.619279
0.618333
0.616837
0.617236
0.618910
0.618203
0.617070
0.616853
0.616355
0.613756
0.617853
0.618634
0.616611
0.619025
0.619211
0.620447
0.620040
0.619672
0.618794
0.617531
0.617148
0.615066
0.616341
0.616843
0.615914
0.617567
0.615450
0.617705
0.618775
0.622144
0.622611
0.619991
0.620495
0.617500
0.617553
0.617697
0.618308
0.615922
0.618147
0.617359
0.617433
0.617500
0.617939
0.614470
0.618889
0.619021
0.619411
0.614660
0.613185
0.617696
0.616723
0.620097
0.617869
0.617923
0.613458
0.615195
0.613243
0.614587
0.614977
0.614551
0.617194
0.617552
0.621045
0.623054
0.622210
0.621645
0.622208
0.620189
0.615769
0.618142
0.618877
0.619383
0.616629
0.618646
0.617483
0.618364
0.615430
0.615335
0.614201
0.617039
0.617084
0.617016
0.618815
0.615228
0.614500
0.617636
0.615952
0.616378
0.617364
0.617190
0.616992
0.615984
0.620641
0.617779
0.619809
0.616991
0.617703
0.616299
0.616775
0.617745
0.615994
0.617169
0.618949
0.618755
0.616506
0.615612
0.617246
0.615704
0.616615
0.616401
0.618027
0.619631
0.615805
0.617742
0.620520
0.620906
0.619082
0.619189
0.618964
0.619577
0.619871
0.620976
0.621414
0.620104
0.623166
0.622712
0.620452
0.615799
0.619426
0.623133
0.621143
0.620188
0.615901
0.619016
0.620997
0.619621
0.617044
0.616678
0.617502
0.616882
0.617355
0.618340
0.617746
0.619809
0.617621
0.619992
0.622780
0.618810
0.619379
0.620898
0.618650
0.619340
0.617898
0.619601
0.620602
0.620414
0.617937
0.613371
0.614367
0.614136
0.614248
0.618238
0.621321
0.620196
0.618919
0.615753
0.615280
0.615383
0.614762
0.616602
0.618992
0.616500
0.618353
0.616242
0.617201
0.616774
0.615169
0.615621
0.618186
0.618983
0.617602
0.617171
0.617810
0.618703
0.618181
0.619865
0.616977
0.617441
0.618409
0.615925
0.619690
0.617029
0.616044
0.617445
0.618119
0.618745
0.619364
0.619747
0.617398
0.618655
0.617144
0.618737
0.616921
0.617479
0.619657
0.619060
0.618517
0.619783
0.618614
0.616505
0.619755
0.619887
0.619969
0.620384
0.619309
0.616970
0.618230
0.618541
0.617838
0.620682
0.619357
0.619201
0.616854
0.619721
0.620186
0.618336
0.621111
0.620691
0.619950
0.621547
0.618154
0.619626
0.620324
0.618940
0.622658
0.621139
0.620135
0.621062
0.622053
0.617979
0.620908
0.617683
0.616555
0.618725
0.617146
0.617274
0.618585
0.621634
0.621597
0.620627
0.621674
0.619623
0.620076
0.620099
0.619720
0.621006
0.620334
0.613278
0.615766
0.617221
0.615062
0.615617
0.616955
0.619371
0.619031
0.618930
0.618156
0.619214
0.619852
0.621425
0.623488
0.619786
0.618424
0.618687
0.619804
0.619801
0.618862
0.618913
0.620350
0.620618
0.621209
0.620568
0.619092
0.619818
0.621748
0.622416
0.619532
0.617167
0.618388
0.616082
0.617708
0.618425
0.618389
0.617209
0.619489
0.616142
0.618954
0.618366
0.621233
0.621520
0.621550
0.621572
0.621059
0.615904
0.620961
0.623077
0.625520
0.623444
0.623118
0.621643
0.617723
0.619912
0.620777
0.620770
0.618127
0.616712
0.618761
0.623013
0.622611
0.621554
0.617760
0.618550
0.617445
0.616312
0.617010
0.617317
0.619574
0.619749
0.618872
0.618871
0.616870
0.620284
0.621027
0.620850
0.615425
0.617454
0.619679
0.619295
0.617044
0.620688
0.620766
0.620161
0.619835
0.618124
0.619463
0.618862
0.619409
0.618474
0.616622
0.616415
0.619141
0.617733
0.619534
0.621488
0.621845
0.621019
0.620623
0.621667
0.620516
0.620517
0.619436
0.618627
0.617762
0.616269
0.617460
0.618459
0.618510
0.617106
0.622227
0.619752
0.618852
0.617461
0.616954
0.617772
0.615764
0.617347
0.617863
0.616599
0.614118
0.617872
0.618659
0.621676
0.620023
0.617120
0.617750
0.619412
0.618236
0.616939
0.618143
0.618561
0.616804
0.618422
0.618591
0.619169
0.619802
0.620844
0.618462
0.617788
0.619985
0.619783
0.618165
0.619285
0.617951
0.616275
0.616825
0.616681
0.616899
0.615192
0.613316
0.615897
0.615305
0.616891
0.617861
0.618467
0.618481
0.618939
0.620328
0.619921
0.619233
0.619292
0.617956
0.617563
0.619917
0.620279
0.621005
0.615937
0.620447
0.618392
0.619896
0.619031
0.617750
0.619532
0.620364
0.621648
0.618343
0.617582
0.616679
0.613683
0.616460
0.618387
0.618482
0.615099
0.618209
0.620335
0.620894
0.619394
0.617317
0.616516
0.616744
0.616680
0.614604
0.619008
0.615353
0.617075
0.618129
0.617380
0.614747
0.617956
0.616959
0.617079
0.617528
0.616329
0.618213
0.618941
0.617612
0.614949
0.618239
0.616895
0.619181
0.618341
0.617360
0.616049
0.617751
0.619029
0.616465
0.616580
0.616364
0.614278
0.616396
0.618189
0.619344
0.619631
0.618156
0.619655
0.619919
0.616550
0.613463
0.616305
0.615068
0.617226
0.617072
0.618581
0.618459
0.617014
0.617068
0.619128
0.620640
0.619213
0.620080
0.618029
0.617932
0.617006
0.618114
0.617896
0.616276
0.615936
0.614254
0.616342
0.616368
0.615188
0.614916
0.615120
0.615063
0.615879
0.616549
0.615852
0.614749
0.614330
0.615573
0.618065
0.617311
0.619730
0.618815
0.619328
0.616023
0.618071
0.617593
0.617876
0.617255
0.615330
0.615164
0.614779
0.614245
0.615159
0.618720
0.617880
0.615002
0.616271
0.616088
0.616197
0.616197
0.615602
0.617164
0.618075
0.615080
0.615303
0.617328
0.617206
0.614043
0.615295
0.615972
0.620158
0.618478
0.619312
0.622062
0.618604
0.616050
0.620961
0.622258
0.620160
0.620873
0.618146
0.616579
0.617597
0.617389
0.616949
0.619096
0.617608
0.619110
0.616707
0.617917
0.615092
0.617634
0.617205
0.619578
0.619611
0.619957
0.618208
0.618365
0.620154
0.621832
0.617203
0.619624
0.620042
0.618119
0.621691
0.618905
0.618972
0.616961
0.617827
0.615359
0.615662
0.617654
0.613719
0.617382
0.618497
0.619393
0.620048
0.619484
0.618861
0.616800
0.618781
0.621059
0.619088
0.619038
0.617887
0.620142
0.617596
0.618997
0.618384
0.620185
0.623122
0.624553
0.621612
0.621600
0.621932
0.618390
0.615600
0.614709
0.618189
0.615085
0.618974
0.616920
0.616178
0.617081
0.615063
0.616770
0.616691
0.618718
0.616707
0.617155
0.616096
0.617667
0.614875
0.615807
0.615976
0.618380
0.616590
0.616914
0.615070
0.615819
0.615940
0.613277
0.614748
0.615914
0.619320
0.616778
0.617714
0.616234
0.615534
0.614810
0.615964
0.618744
0.616093
0.616546
0.617347
0.616372
0.617029
0.616357
0.615885
0.618869
0.618108
0.617411
0.613999
0.616441
0.616445
0.616232
0.619919
0.615091
0.618513
0.615222
0.619212
0.616300
0.619635
0.621650
0.619663
0.615203
0.616213
0.614726
0.615754
0.616061
0.616376
0.617233
0.615764
0.618042
0.617667
0.617757
0.617683
0.616649
0.616145
0.616917
0.614700
0.616014
0.613297
0.613749
0.613178
0.615954
0.617532
0.615995
0.616433
0.617521
0.616704
0.617558
0.614991
0.612377
0.613460
0.614964
0.614845
0.613751
0.613841
0.615871
0.616664
0.617745
0.616101
0.618563
0.616350
0.616334
0.615737
0.617316
0.616264
0.617825
0.615962
0.615868
0.617164
0.619142
0.618299
0.618364
0.619315
0.616964
0.616302
0.615340
0.615161
0.614229
0.613641
0.616005
0.615660
0.611761
0.616564
0.617768
0.617019
0.616675
0.616049
0.616116
0.617467
0.614769
0.617167
0.616725
0.615326
0.615641
0.619192
0.619613
0.620304
0.617404
0.617066
0.618865
0.615967
0.621794
0.620680
0.621017
0.620803
0.620472
0.620400
0.621082
0.620953
0.619839
0.619978
0.619188
0.619727
0.619273
0.619659
0.617742
0.620441
0.620270
0.622787
0.620577
0.621339
0.618049
0.620012
0.618239
0.616123
0.616018
0.619052
0.618135
0.617107
0.618481
0.616507
0.615620
0.614786
0.619785
0.617411
0.616158
0.617211
0.615813
0.617534
0.619241
0.619542
0.620080
0.620238
0.620872
0.621500
0.617925
0.620315
0.614634
0.617129
0.619923
0.619616
0.620070
0.616555
0.617323
0.617815
0.617366
0.618510
0.618444
0.621056
0.625215
0.620504
0.621189
0.618399
0.615232
0.616537
0.614394
0.617643
0.615614
0.614389
0.617266
0.621441
0.620400
0.620741
0.620517
0.622188
0.620494
0.615959
0.615354
0.618382
0.618477
0.618367
0.615886
0.612813
0.615253
0.614303
0.615927
0.616149
0.616017
0.616070
0.612362
0.612938
0.615461
0.617519
0.615372
0.617037
0.614552
0.611515
0.613021
0.613924
0.616076
0.614521
0.617244
0.617435
0.618294
0.614704
0.618522
0.615207
0.615856
0.612883
0.613687
0.618367
0.617213
0.614203
0.615949
0.615258
0.617277
0.617231
0.617017
0.619076
0.615294
0.615820
0.618770
0.615833
0.614823
0.617042
0.616296
0.615278
0.616521
0.618505
0.616095
0.616378
0.618373
0.614621
0.617077
0.615971
0.615261
0.616630
0.616162
0.616939
0.614744
0.617522
0.617343
0.618782
0.617450
0.617901
0.618764
0.616225
0.619036
0.616730
0.617942
0.618294
0.617312
0.617789
0.619466
0.618061
0.620483
0.615136
0.616804
0.615243
0.613988
0.616774
0.614511
0.614991
0.614520
0.615310
0.614620
0.617211
0.616787
0.616926
0.615431
0.614924
0.613814
0.613643
0.616217
0.615327
0.617241
0.617075
0.612612
0.614166
0.616603
0.615769
0.615887
0.616692
0.616033
0.611747
0.613320
0.612727
0.617252
0.618472
0.616625
0.615662
0.614985
0.613051
0.615047
0.617625
0.617514
0.615879
0.610187
0.617574
0.614000
0.612083
0.611224
0.611658
0.612379
0.613481
0.617507
0.616459
0.614519
0.615256
0.615570
0.612910
0.616092
0.614425
0.612154
0.614154
0.614710
0.610746
0.615913
0.620209
0.618145
0.613924
0.613383
0.613989
0.615618
0.614476
0.615406
0.616377
0.617814
0.617441
0.620284
0.616109
0.615532
0.614626
0.615872
0.618700
0.615272
0.614073
0.616224
0.619029
0.617534
0.618842
0.620403
0.615109
0.616090
0.617181
0.617092
0.616061
0.617643
0.617482
0.617418
0.618071
0.621290
0.619600
0.618307
0.619580
0.621169
0.619159
0.618258
0.616926
0.619225
0.619827
0.619571
0.617552
0.615758
0.615015
0.615375
0.616557
0.615791
0.616339
0.614788
0.615734
0.619050
0.618598
0.617422
0.618793
0.619756
0.616240
0.617157
0.618064
0.618590
0.617149
0.614340
0.617004
0.616456
0.619677
0.619561
0.618687
0.618532
0.618777
0.617018
0.618174
0.617475
0.617567
0.617534
0.615049
0.619509
0.620284
0.617476
0.618871
0.617731
0.617156
0.617201
0.615461
0.617154
0.617601
0.617227
0.618946
0.616195
0.616053
0.617036
0.616841
0.616420
0.616126
0.614506
0.616023
0.613835
0.616144
0.616330
0.615695
0.618844
0.615819
0.614872
0.615861
0.616024
0.616346
0.619876
0.617613
0.617235
0.615583
0.615634
0.617321
0.617691
0.617441
0.617954
0.620570
0.618373
0.617767
0.616861
0.618592
0.617858
0.615240
0.618379
0.620837
0.618736
0.615366
0.617594
0.618210
0.618013
0.619465
0.618130
0.618557
0.618803
0.618836
0.617588
0.620796
0.619893
0.620072
0.616583
0.616741
0.616925
0.615177
0.617109
0.617173
0.616391
0.613974
0.614998
0.615269
0.615104
0.617326
0.616851
0.616935
0.620134
0.618166
0.616498
0.615842
0.614987
0.617451
0.616786
0.618279
0.617414
0.618064
0.618009
0.615097
0.616852
0.615274
0.614245
0.613326
0.617760
0.618308
0.616155
0.614948
0.618437
0.618515
0.615202
0.614052
0.616088
0.618345
0.616315
0.617278
0.614505
0.614772
0.615914
0.617649
0.616690
0.619054
0.617228
0.617608
0.617495
0.617497
0.619351
0.618932
0.618338
0.618658
0.618265
0.619328
0.617713
0.617579
0.619478
0.620180
0.620775
0.618275
0.617977
0.618218
0.619254
0.617599
0.616480
0.617811
0.619726
0.617948
0.618619
0.618389
0.620729
0.620784
0.623200
0.620674
0.621867
0.621851
0.618808
0.619571
0.616680
0.619589
0.617660
0.619690
0.618253
0.615450
0.616940
0.615653
0.617825
0.617226
0.616386
0.614834
0.613603
0.614031
0.613403
0.614797
0.613747
0.615289
0.613827
0.613945
0.613103
0.616360
0.615301
0.614311
0.613714
0.613078
0.613463
0.617484
0.618205
0.619593
0.616761
0.615423
0.616620
0.618473
0.616956
0.617048
0.615389
0.615541
0.615102
0.614880
0.617208
0.617229
0.616250
0.616526
0.618841
0.616772
0.618096
0.620036
0.619673
0.617359
0.616115
0.619573
0.619683
0.619358
0.619313
0.618206
0.617298
0.616136
0.616486
0.616601
0.618784
0.615802
0.615430
0.618232
0.616259
0.615994
0.617799
0.617307
0.619623
0.619088
0.619355
0.618767
0.620034
0.621200
0.618204
0.620494
0.621533
0.618043
0.618000
0.619956
0.619588
0.618222
0.617434
0.618501
0.618415
0.620363
0.620797
0.619471
0.620053
0.620528
0.618470
0.618738
0.620187
0.618624
0.617653
0.618802
0.617916
0.618592
0.616107
0.615671
0.618466
0.618285
0.616708
0.613189
0.614015
0.615193
0.617067
0.615079
0.616615
0.617789
0.618649
0.619102
0.615056
0.618626
0.618201
0.620174
0.617790
0.616337
0.618575
0.618058
0.616417
0.617255
0.617711
0.617376
0.617375
0.619090
0.621113
0.619918
0.620986
0.620087
0.619776
0.619212
0.622442
0.618074
0.616738
0.615966
0.616444
0.616615
0.615651
0.616706
0.618941
0.615852
0.616642
0.617702
0.613234
0.615654
0.618608
0.614359
0.615234
0.616487
0.615603
0.616532
0.615444
0.615968
0.619094
0.618858
0.619867
0.616179
0.617405
0.618387
0.619563
0.617865
0.618283
0.616403
0.618673
0.618847
0.618353
0.620114
0.622365
0.620869
0.616991
0.617101
0.617883
0.618951
0.618733
0.620156
0.615696
0.616327
0.617615
0.618321
0.619269
0.620600
0.620216
0.618561
0.616766
0.617683
0.619932
0.616458
0.620563
0.618838
0.617756
0.617115
0.617931
0.619924
0.618412
0.617075
0.618888
0.616422
0.617537
0.618585
0.617846
0.617107
0.617739
0.617278
0.617457
0.616861
0.619370
0.616078
0.614680
0.617014
0.618121
0.616522
0.615651
0.617384
0.613628
0.616455
0.616311
0.619576
0.619555
0.619532
0.619006
0.617516
0.614903
0.614556
0.617584
0.619667
0.617045
0.618269
0.617083
0.617851
0.618081
0.618458
0.618735
0.620887
0.622356
0.618062
0.619794
0.619917
0.618683
0.616975
0.615537
0.617792
0.619139
0.619310
0.615806
0.615983
0.613976
0.615457
0.617281
0.619458
0.621742
0.623436
0.619779
0.620920
0.619503
0.621680
0.617752
0.616788
0.617771
0.617583
0.617693
0.621088
0.620454
0.620375
0.620390
0.618375
0.619427
0.619481
0.617400
0.618095
0.618707
0.620804
0.618927
0.619066
0.619474
0.618722
0.617220
0.619867
0.618528
0.617709
0.617712
0.618374
0.618312
0.615633
0.616013
0.620037
0.618068
0.618584
0.619088
0.616850
0.618470
0.618740
0.616038
0.620361
0.618612
0.620514
0.621265
0.619307
0.619823
0.617500
0.621050
0.618232
0.618778
0.618218
0.619093
0.618962
0.617208
0.619209
0.619795
0.617738
0.618319
0.618991
0.620219
0.619540
0.621252
0.621196
0.620433
0.616812
0.618594
0.615727
0.619010
0.614849
0.619216
0.615896
0.615780
0.616927
0.621361
0.621337
0.619110
0.618592
0.616345
0.616219
0.615490
0.618495
0.618505
0.615876
0.619557
0.619149
0.621138
0.619063
0.619445
0.620935
0.618189
0.615642
0.615791
0.617060
0.619588
0.616992
0.622321
0.620423
0.617395
0.617336
0.617755
0.616373
0.615519
0.620009
0.617637
0.618301
0.616696
0.618188
0.618713
0.617145
0.617526
0.619143
0.617679
0.617089
0.616461
0.616626
0.617751
0.617560
0.619689
0.620386
0.617903
0.620416
0.621857
0.618923
0.614415
0.617311
0.619625
0.615746
0.617496
0.619082
0.620145
0.617977
0.621991
0.619762
0.616715
0.617683
0.620961
0.619789
0.618070
0.618292
0.615840
0.616011
0.616830
0.617313
0.615944
0.618585
0.616365
0.615797
0.615053
0.613629
0.614358
0.617215
0.613150
0.611993
0.614579
0.618580
0.617633
0.618333
0.618362
0.613825
0.615802
0.614154
0.614925
0.614556
0.615250
0.614865
0.615604
0.616470
0.615237
0.619774
0.618268
0.621538
0.619166
0.615935
0.616865
0.613413
0.617757
0.620100
0.617906
0.618596
0.616040
0.616746
0.613852
0.614568
0.615976
0.615965
0.618786
0.618924
0.617859
0.616175
0.613793
0.615982
0.615786
0.616710
0.618031
0.617356
0.619849
0.620209
0.617819
0.619874
0.618464
0.619595
0.617607
0.618242
0.618754
0.618805
0.618404
0.616375
0.615481
0.617661
0.618112
0.615397
0.614846
0.619339
0.618344
0.617795
0.617678
0.614191
0.615662
0.616599
0.615385
0.614374
0.614193
0.615667
0.617213
0.616165
0.617521
0.617611
0.619644
0.616068
0.618030
0.614981
0.617627
0.618178
0.614767
0.617241
0.617129
0.618971
0.616379
0.614731
0.616810
0.617866
0.616968
0.615941
0.616975
0.621472
0.620897
0.617069
0.620155
0.618342
0.616113
0.616393
0.617104
0.619138
0.617764
0.618279
0.617948
0.616880
0.620416
0.618385
0.618620
0.618822
0.617126
0.617903
0.618724
0.616720
0.618393
0.617795
0.618111
0.616281
0.617960
0.617343
0.615303
0.617541
0.617087
0.616020
0.614867
0.615662
0.614768
0.615440
0.616267
0.613927
0.615607
0.612300
0.613334
0.613319
0.614965
0.615081
0.612711
0.614833
0.614406
0.616986
0.616757
0.617001
0.615152
0.613787
0.615159
0.617609
0.618751
0.615471
0.614692
0.615161
0.616063
0.619264
0.616061
0.615337
0.613943
0.615171
0.613494
0.614633
0.618679
0.614748
0.615465
0.617230
0.617603
0.615956
0.616088
0.617298
0.616946
0.616342
0.617538
0.616801
0.616833
0.618831
0.618993
0.618896
0.617644
0.620076
0.617571
0.616660
0.618191
0.617805
0.617298
0.615162
0.615125
0.615987
0.614950
0.614041
0.616599
0.616977
0.614264
0.615784
0.616589
0.618135
0.615253
0.612659
0.615743
0.615364
0.615939
0.616582
0.617160
0.617389
0.617716
0.619389
0.620399
0.618673
0.619205
0.616883
0.615360
0.616442
0.616755
0.615460
0.617200
0.618180
0.615802
0.614219
0.615835
0.617215
0.618976
0.620501
0.619149
0.618171
0.621370
0.619219
0.618966
0.618566
0.617449
0.616901
0.616469
0.613938
0.615341
0.617349
0.617160
0.618781
0.619427
0.620319
0.622595
0.620945
0.617330
0.617688
0.618418
0.618161
0.618369
0.617300
0.618612
0.617815
0.619098
0.620481
0.620166
0.619016
0.619361
0.620832
0.620792
0.620595
0.619799
0.620091
0.616896
0.619100
0.616322
0.617134
0.618893
0.618549
0.617844
0.619815
0.614866
0.619812
0.619324
0.615601
0.619111
0.617970
0.618582
0.619733
0.615781
0.613945
0.614619
0.617805
0.615703
0.616590
0.616869
0.616338
0.617519
0.617644
0.619448
0.616863
0.617825
0.614198
0.619223
0.620148
0.616783
0.618987
0.616989
0.614676
0.613538
0.615853
0.616731
0.616557
0.617323
0.617661
0.617914
0.615021
0.615565
0.615690
0.616196
0.618915
0.617233
0.618181
0.614779
0.618550
0.617549
0.616818
0.618131
0.620351
0.616191
0.618934
0.616725
0.617510
0.618144
0.618009
0.621052
0.617558
0.615160
0.617658
0.616154
0.617861
0.617593
0.614743
0.615070
0.617133
0.616853
0.616654
0.616242
0.617774
0.616008
0.614959
0.616256
0.617552
0.617165
0.617684
0.618068
0.618410
0.621768
0.618022
0.617737
0.616006
0.618665
0.617619
0.619795
0.619397
0.619295
0.619063
0.620636
0.617093
0.615664
0.619566
0.618841
0.616665
0.616952
0.617192
0.618056
0.616582
0.615510
0.612703
0.617065
0.619264
0.619461
0.616398
0.618144
0.616572
0.616100
0.617029
0.617267
0.617268
0.616958
0.617457
0.616820
0.619704
0.620121
0.621001
0.618430
0.621818
0.620640
0.616575
0.618288
0.620214
0.618958
0.618453
0.617835
0.618880
0.619105
0.618588
0.620826
0.620324
0.618460
0.619529
0.618199
0.614763
0.617096
0.621986
0.619145
0.620025
0.621091
0.619616
0.618406
0.618695
0.617046
0.619353
0.619473
0.617652
0.620736
0.621686
0.620650
0.617532
0.616189
0.620706
0.616993
0.617793
0.618089
0.621192
0.620240
0.621231
0.621041
0.619718
0.618232
0.619273
0.620756
0.621436
0.618062
0.616982
0.617570
0.619930
0.622741
0.620538
0.617569
0.620528
0.620349
0.616159
0.618805
0.618930
0.617437
0.617468
0.617150
0.620799
0.618998
0.620630
0.618929
0.616060
0.613811
0.615205
0.618214
0.618372
0.619142
0.615826
0.618255
0.616907
0.615292
0.616852
0.613586
0.615113
0.613304
0.615587
0.616992
0.614398
0.615769
0.615019
0.616917
0.617485
0.614828
0.613919
0.615995
0.617220
0.618868
0.619504
0.616498
0.615718
0.618626
0.617160
0.617534
0.614725
0.617318
0.617833
0.617558
0.616124
0.616494
0.617003
0.616898
0.617527
0.617038
0.617484
0.615890
0.620413
0.619499
0.618665
0.618058
0.617919
0.620593
0.620268
0.619439
0.617789
0.618596
0.615786
0.618394
0.620248
0.619448
0.619478
0.623115
0.622783
0.618426
0.618207
0.617645
0.615785
0.617321
0.617251
0.617033
0.618396
0.621669
0.619298
0.617288
0.617896
0.618191
0.617338
0.617897
0.619123
0.620361
0.619241
0.619546
0.617991
0.617660
0.617193
0.615211
0.618778
0.618811
0.618912
0.617985
0.616411
0.615486
0.617740
0.616059
0.617870
0.614300
0.618724
0.618045
0.618479
0.617212
0.620324
0.618157
0.618622
0.616683
0.617515
0.616636
0.616448
0.613046
0.614829
0.617573
0.619536
0.615843
0.615628
0.616622
0.615219
0.618254
0.617634
0.617975
0.618271
0.618955
0.614969
0.616667
0.617863
0.617312
0.619864
0.617597
0.616916
0.617894
0.618076
0.620615
0.620160
0.619362
0.619257
0.619668
0.617768
0.616753
0.616399
0.615614
0.615840
0.620195
0.619795
0.615496
0.616298
0.616983
0.614962
0.615135
0.617570
0.615894
0.615997
0.616403
0.617170
0.614716
0.616509
0.618293
0.619797
0.619436
0.620509
0.620540
0.618031
0.617111
0.618665
0.616005
0.614733
0.617000
0.615954
0.616752
0.613965
0.614504
0.615738
0.615919
0.614285
0.613903
0.618303
0.615681
0.617335
0.619068
0.617050
0.619294
0.618632
0.616674
0.619473
0.616683
0.616397
0.615086
0.614496
0.615237
0.617832
0.618350
0.619729
0.617272
0.616438
0.615478
0.615953
0.612142
0.616237
0.616529
0.618255
0.617173
0.615351
0.616488
0.615602
0.616926
0.616216
0.613552
0.616295
0.615284
0.618013
0.616786
0.619953
0.617445
0.619116
0.617460
0.614510
0.616824
0.619264
0.619098
0.618049
0.618518
0.616611
0.616810
0.616628
0.614741
0.612638
0.616203
0.614900
0.609950
0.613147
0.615005
0.614380
0.615270
0.617695
0.617759
0.617593
0.617130
0.615551
0.616762
0.617048
0.621614
0.619385
0.618074
0.619979
0.616967
0.617333
0.617440
0.616137
0.615905
0.620103
0.617712
0.617871
0.618972
0.618142
0.617867
0.619159
0.617864
0.619324
0.615192
0.614070
0.616463
0.617059
0.618261
0.616709
0.617807
0.622233
0.620830
0.619775
0.622028
0.620190
0.619994
0.617624
0.619493
0.619236
0.618243
0.617924
0.621834
0.621681
0.620101
0.618967
0.618247
0.617299
0.617787
0.615614
0.612239
0.614905
0.617758
0.614834
0.617410
0.620359
0.618031
0.616149
0.614954
0.614375
0.612991
0.615316
0.615082
0.616041
0.615364
0.616266
0.617686
0.618663
0.617506
0.619246
0.619941
0.617724
0.617577
0.618047
0.617195
0.617528
0.615049
0.617663
0.617897
0.617581
0.618076
0.616937
0.622229
0.618605
0.617577
0.619885
0.619107
0.621044
0.618343
0.618542
0.617829
0.617926
0.615577
0.616481
0.618903
0.613167
0.616624
0.618804
0.618089
0.617738
0.617968
0.618621
0.616551
0.617997
0.614457
0.615425
0.618062
0.617388
0.618838
0.619145
0.615283
0.616665
0.614243
0.617167
0.618488
0.612972
0.616082
0.618145
0.618139
0.618188
0.620087
0.617523
0.618415
0.617588
0.615310
0.617531
0.615739
0.617393
0.618186
0.618813
0.615876
0.618072
0.618074
0.620588
0.617333
0.616096
0.616661
0.618211
0.617940
0.614819
0.616412
0.617698
0.617223
0.616590
0.616102
0.615534
0.617290
0.619186
0.617292
0.617039
0.616196
0.617437
0.617188
0.615134
0.614309
0.617538
0.617201
0.618494
0.618012
0.618347
0.619189
0.616296
0.616221
0.618882
0.617981
0.616278
0.616339
0.618025
0.616665
0.617209
0.619281
0.617746
0.617180
0.617598
0.616822
0.617149
0.618887
0.616581
0.617825
0.619121
0.618714
0.617976
0.617032
0.619413
0.616219
0.615213
0.618479
0.618009
0.618813
0.613802
0.613686
0.617007
0.614141
0.618572
0.619047
0.616947
0.616214
0.617651
0.619082
0.616271
0.617274
0.616925
0.619141
0.615217
0.617265
0.618327
0.619378
0.618635
0.617069
0.616198
0.615737
0.613664
0.617028
0.619185
0.618257
0.615522
0.615733
0.617813
0.617408
0.617338
0.616524
0.617399
0.619467
0.617463
0.618980
0.617200
0.618173
0.618227
0.618665
0.618763
0.618247
0.619275
0.619202
0.619974
0.621203
0.620450
0.615892
0.616366
0.617885
0.618790
0.619544
0.616098
0.615146
0.617622
0.617429
0.616616
0.618349
0.616228
0.615234
0.615879
0.616392
0.617957
0.617463
0.619004
0.617173
0.619388
0.617943
0.618307
0.616833
0.616875
0.617588
0.615602
0.615359
0.617173
0.615531
0.615233
0.616288
0.616733
0.614879
0.616692
0.617072
0.617667
0.617812
0.616068
0.616976
0.616399
0.615315
0.616191
0.617129
0.614523
0.616149
0.615030
0.613760
0.616557
0.614934
0.615872
0.615448
0.616292
0.617483
0.616165
0.616970
0.616465
0.616878
0.619667
0.619484
0.617853
0.621090
0.618869
0.621261
0.615607
0.617206
0.614753
0.618081
0.615814
0.616513
0.618669
0.617244
0.619750
0.617388
0.616615
0.618270
0.621149
0.617972
0.618891
0.615401
0.619366
0.616976
0.616106
0.617983
0.618557
0.621380
0.620900
0.620980
0.619329
0.619576
0.619035
0.619303
0.617218
0.613601
0.614868
0.618238
0.619206
0.618142
0.617394
0.619297
0.619831
0.620980
0.616206
0.618070
0.616010
0.618252
0.617407
0.618845
0.619309
0.615255
0.618426
0.619404
0.618858
