0.012621
0.023520
0.035030
0.045800
0.055904
0.065712
0.075969
0.085647
0.094445
0.102752
0.111224
0.119156
0.126723
0.134643
0.142518
0.150515
0.156946
0.164062
0.170402
0.176529
0.182824
0.189459
0.194922
0.200691
0.206534
0.212517
0.217312
0.222441
0.227152
0.231009
0.235336
0.239852
0.244005
0.248635
0.252515
0.256200
0.259356
0.263067
0.267248
0.271496
0.275130
0.277155
0.280113
0.283353
0.286727
0.289746
0.292564
0.294679
0.296281
0.300034
0.302057
0.304071
0.306175
0.309243
0.312115
0.315160
0.317930
0.320124
0.323022
0.325029
0.327628
0.330115
0.331820
0.333523
0.335691
0.337998
0.339667
0.341547
0.343187
0.344834
0.347128
0.348893
0.350058
0.351261
0.353007
0.354906
0.356089
0.358177
0.359613
0.361422
0.362979
0.364330
0.365764
0.366363
0.367791
0.367962
0.369266
0.370521
0.372556
0.373810
0.374989
0.376375
0.377488
0.378439
0.380000
0.380556
0.381475
0.382858
0.385025
0.386375
0.387289
0.388161
0.389522
0.390472
0.390866
0.390847
0.392159
0.393522
0.394703
0.395646
0.396444
0.397667
0.398888
0.398746
0.400096
0.401134
0.402406
0.402673
0.403064
0.404314
0.405735
0.405728
0.406477
0.407444
0.408248
0.409415
0.409666
0.410672
0.410992
0.411354
0.412236
0.412295
0.412406
0.412845
0.413317
0.414343
0.414383
0.414648
0.414931
0.415882
0.416305
0.417873
0.418962
0.419429
0.420159
0.421253
0.421537
0.421055
0.422503
0.422503
0.422272
0.422257
0.422668
0.423116
0.424073
0.424442
0.425395
0.426031
0.426680
0.427569
0.427932
0.427878
0.428346
0.429365
0.430156
0.431052
0.431756
0.432475
0.433303
0.434723
0.435966
0.435538
0.435383
0.436184
0.437571
0.438198
0.438162
0.438399
0.438288
0.438526
0.438674
0.439408
0.440481
0.440216
0.440617
0.441811
0.442270
0.443299
0.443822
0.444104
0.443923
0.444208
0.444750
0.445047
0.445417
0.446125
0.446962
0.447112
0.447712
0.447609
0.448405
0.448861
0.450206
0.450708
0.450613
0.449911
0.450672
0.451382
0.451920
0.451795
0.451457
0.452043
0.452547
0.453489
0.454076
0.455499
0.456047
0.456870
0.457022
0.457575
0.458152
0.458228
0.458531
0.458999
0.459841
0.460328
0.461031
0.461096
0.462291
0.462691
0.463251
0.464219
0.464026
0.464223
0.464457
0.464798
0.464729
0.465282
0.465411
0.466062
0.467074
0.466752
0.466944
0.467566
0.467740
0.468004
0.467772
0.467765
0.467615
0.468317
0.468740
0.469231
0.469248
0.469380
0.469467
0.469288
0.468553
0.468855
0.469346
0.469530
0.469420
0.469438
0.469540
0.469784
0.470005
0.470627
0.470981
0.470963
0.471429
0.471266
0.471930
0.471747
0.472622
0.473332
0.472814
0.473188
0.473727
0.474077
0.474513
0.474413
0.475268
0.474855
0.475400
0.475660
0.475548
0.476034
0.476896
0.476775
0.476890
0.476925
0.476961
0.477676
0.478807
0.479130
0.479468
0.479254
0.479325
0.479322
0.479679
0.480221
0.480581
0.480213
0.480602
0.480933
0.481358
0.481676
0.481805
0.482054
0.482765
0.483354
0.483542
0.483420
0.483254
0.483433
0.483576
0.484172
0.484113
0.484436
0.484536
0.484825
0.485087
0.485736
0.485741
0.486197
0.486417
0.486582
0.486053
0.486234
0.486236
0.486568
0.486882
0.487875
0.488568
0.488748
0.489088
0.489646
0.489273
0.489019
0.489370
0.488637
0.488687
0.488268
0.488954
0.489603
0.489458
0.489960
0.489667
0.489733
0.488765
0.489270
0.489443
0.489868
0.490095
0.489844
0.489854
0.490707
0.490574
0.490495
0.490285
0.490162
0.490175
0.490195
0.489999
0.490170
0.490980
0.491141
0.490783
0.491158
0.491369
0.491691
0.491688
0.491534
0.492069
0.492379
0.492984
0.493019
0.493868
0.494279
0.494261
0.494068
0.495095
0.495642
0.495521
0.496084
0.495533
0.495104
0.494879
0.494775
0.495481
0.495515
0.495931
0.496484
0.497060
0.496764
0.497294
0.496562
0.496975
0.497697
0.498348
0.499483
0.498884
0.499263
0.499073
0.499447
0.499699
0.499376
0.499823
0.499788
0.500282
0.500587
0.500765
0.501458
0.501493
0.501627
0.501185
0.501887
0.501452
0.501496
0.502172
0.502714
0.503378
0.502624
0.503000
0.503742
0.503394
0.503426
0.503297
0.503719
0.504398
0.504842
0.505591
0.505790
0.506671
0.506528
0.505956
0.506508
0.507043
0.507121
0.506397
0.506603
0.507136
0.506868
0.507235
0.507345
0.507036
0.506686
0.507583
0.507958
0.508471
0.508504
0.508521
0.508359
0.508087
0.508580
0.509111
0.509111
0.510229
0.510861
0.510420
0.510390
0.510434
0.509787
0.509525
0.509883
0.510476
0.510416
0.509681
0.510273
0.510677
0.510906
0.511431
0.512083
0.512038
0.511679
0.512393
0.513127
0.513292
0.513211
0.513002
0.512467
0.512646
0.513206
0.513350
0.513105
0.513915
0.514302
0.514160
0.514122
0.513931
0.514323
0.514936
0.515248
0.515554
0.515916
0.517084
0.517341
0.516216
0.516466
0.516329
0.516651
0.516860
0.517335
0.517079
0.517793
0.518014
0.518309
0.518927
0.518709
0.518233
0.519405
0.519638
0.520164
0.520701
0.521016
0.521475
0.521792
0.521715
0.521447
0.521165
0.521621
0.521827
0.521056
0.521400
0.520806
0.520510
0.521060
0.520856
0.520982
0.521612
0.521144
0.521290
0.521345
0.521195
0.520965
0.520540
0.520565
0.521145
0.520395
0.520163
0.520187
0.520286
0.520267
0.520567
0.520915
0.520634
0.520681
0.520866
0.521568
0.521973
0.522286
0.522640
0.522153
0.522539
0.523658
0.523085
0.523964
0.524104
0.524365
0.524092
0.523431
0.524154
0.523931
0.524022
0.524404
0.524381
0.523977
0.523930
0.524388
0.523862
0.524314
0.524851
0.525148
0.525364
0.525530
0.526318
0.527028
0.527674
0.528776
0.528942
0.529040
0.528243
0.527850
0.527393
0.526994
0.526222
0.526135
0.526262
0.526418
0.526282
0.526273
0.527401
0.527746
0.528271
0.528206
0.528413
0.529562
0.529418
0.529439
0.529102
0.529561
0.529940
0.530190
0.531440
0.531483
0.530726
0.530963
0.531597
0.531687
0.532264
0.531782
0.531495
0.531820
0.531892
0.531678
0.532379
0.532392
0.532881
0.532549
0.532550
0.532915
0.532550
0.532107
0.532008
0.531332
0.531617
0.531858
0.531780
0.532650
0.533006
0.533399
0.533283
0.533283
0.533587
0.533608
0.534291
0.534977
0.535632
0.535752
0.535512
0.535284
0.536496
0.535534
0.536147
0.536175
0.536907
0.536738
0.536923
0.536661
0.536846
0.536017
0.536379
0.536021
0.537477
0.537510
0.537614
0.537819
0.537878
0.538178
0.537517
0.537795
0.536751
0.537045
0.537107
0.537275
0.536884
0.536396
0.535633
0.535062
0.535612
0.535749
0.535964
0.536490
0.536510
0.536322
0.536499
0.536543
0.536900
0.537408
0.537934
0.538501
0.537895
0.538485
0.538280
0.538866
0.539634
0.539436
0.540160
0.540471
0.540442
0.540329
0.540490
0.540516
0.540490
0.540486
0.540173
0.539465
0.539114
0.539330
0.539672
0.539851
0.540750
0.540684
0.540075
0.539900
0.540501
0.540373
0.540635
0.540682
0.541375
0.541643
0.541584
0.541169
0.540879
0.541374
0.541479
0.542024
0.541692
0.542113
0.542719
0.542828
0.542758
0.543597
0.543578
0.543520
0.543618
0.543138
0.543268
0.543812
0.543323
0.543767
0.544165
0.544095
0.543781
0.543931
0.544370
0.543511
0.543400
0.543412
0.543346
0.543413
0.543997
0.544157
0.545017
0.544757
0.544287
0.544017
0.545095
0.544203
0.544551
0.544348
0.544188
0.544144
0.544628
0.544422
0.544573
0.545113
0.544989
0.545115
0.544796
0.544619
0.545402
0.545681
0.545646
0.546880
0.546284
0.545309
0.545223
0.544834
0.545294
0.545117
0.545271
0.545283
0.545404
0.546448
0.545133
0.545226
0.545708
0.545720
0.545575
0.545705
0.545916
0.546029
0.546533
0.546600
0.546943
0.547179
0.547349
0.547613
0.548799
0.548579
0.548829
0.548729
0.548712
0.549102
0.548827
0.549064
0.548704
0.548408
0.549277
0.549223
0.549040
0.549728
0.549465
0.549898
0.549458
0.549666
0.549914
0.550190
0.550625
0.551178
0.550496
0.549786
0.549207
0.549498
0.548911
0.548686
0.547995
0.547652
0.548155
0.548340
0.549093
0.549480
0.549143
0.548965
0.548913
0.548831
0.549265
0.548607
0.548511
0.549039
0.548523
0.549013
0.549693
0.550837
0.551254
0.551531
0.551360
0.551008
0.550694
0.550828
0.550549
0.550579
0.550624
0.550797
0.550821
0.550761
0.550338
0.551138
0.550858
0.550800
0.550315
0.550437
0.550805
0.550558
0.550250
0.550388
0.550740
0.550925
0.551184
0.552105
0.551890
0.551719
0.551792
0.551832
0.551712
0.550836
0.551773
0.551561
0.550968
0.551000
0.551653
0.552104
0.553035
0.553034
0.553134
0.553025
0.552743
0.552321
0.552354
0.552277
0.551970
0.552036
0.552112
0.551403
0.551588
0.551477
0.552277
0.552303
0.552099
0.551999
0.552470
0.552896
0.553102
0.552755
0.552471
0.552647
0.552664
0.552981
0.552844
0.553349
0.554503
0.554353
0.554216
0.554720
0.554117
0.553458
0.553364
0.553154
0.553032
0.552716
0.552010
0.552777
0.553031
0.552950
0.553100
0.553592
0.553350
0.553176
0.553193
0.552504
0.552664
0.553295
0.553839
0.554065
0.554703
0.554085
0.553695
0.554156
0.553540
0.553083
0.553011
0.553106
0.552983
0.553302
0.553624
0.553583
0.553703
0.553460
0.553041
0.553079
0.553719
0.553580
0.553092
0.553024
0.553590
0.554845
0.555970
0.555256
0.555342
0.555937
0.556581
0.556956
0.556844
0.556761
0.556916
0.557829
0.558158
0.558277
0.558357
0.558344
0.558762
0.558460
0.558239
0.558596
0.558520
0.558668
0.559159
0.558391
0.558635
0.558929
0.559402
0.559119
0.558200
0.557856
0.557579
0.558020
0.557794
0.557946
0.556604
0.556109
0.556418
0.556044
0.556284
0.556607
0.556441
0.556930
0.557046
0.557597
0.558581
0.558109
0.557678
0.557971
0.558453
0.558070
0.558187
0.558022
0.558280
0.559039
0.559268
0.559874
0.560401
0.559966
0.559293
0.558621
0.558626
0.558187
0.559005
0.559548
0.560156
0.559883
0.559467
0.559499
0.559429
0.558321
0.558443
0.559006
0.558712
0.558761
0.558403
0.558653
0.559622
0.559230
0.559062
0.559117
0.559230
0.559974
0.560035
0.559861
0.560030
0.560216
0.560730
0.560726
0.560362
0.560204
0.560332
0.560485
0.559753
0.559587
0.558842
0.559252
0.558828
0.558474
0.558488
0.558667
0.559410
0.559310
0.559738
0.559779
0.559558
0.559805
0.560139
0.560917
0.561391
0.562321
0.561949
0.562587
0.563006
0.562679
0.562448
0.563154
0.564037
0.564418
0.564549
0.564300
0.564632
0.564496
0.564102
0.563968
0.564085
0.563825
0.563839
0.564348
0.564932
0.565005
0.565237
0.564789
0.564806
0.564688
0.565040
0.564680
0.564900
0.564625
0.564898
0.564842
0.564817
0.564371
0.564067
0.564337
0.564675
0.564924
0.564787
0.564751
0.565004
0.565608
0.565043
0.564871
0.565128
0.564502
0.564859
0.565644
0.566189
0.566559
0.565569
0.566436
0.566686
0.565842
0.566413
0.567366
0.566984
0.566395
0.566560
0.567302
0.567465
0.566906
0.566885
0.566716
0.565996
0.566286
0.567075
0.566626
0.566932
0.566432
0.567542
0.566919
0.567165
0.567383
0.565976
0.565746
0.566377
0.566489
0.565526
0.565620
0.565973
0.566796
0.566834
0.567449
0.566107
0.565933
0.566201
0.567298
0.567829
0.568068
0.567917
0.567624
0.567657
0.567589
0.567210
0.567697
0.568173
0.568301
0.569471
0.569218
0.568706
0.568168
0.568573
0.568080
0.567653
0.567732
0.567510
0.567783
0.567758
0.567208
0.567288
0.567523
0.568708
0.568656
0.568389
0.568651
0.568397
0.568377
0.568788
0.568415
0.568634
0.567821
0.568160
0.568467
0.568590
0.568192
0.568273
0.568972
0.569449
0.569995
0.569612
0.569420
0.569463
0.569337
0.569279
0.569627
0.569155
0.569082
0.569215
0.568385
0.568504
0.568842
0.569005
0.568349
0.568584
0.568759
0.568881
0.568453
0.568327
0.567936
0.567831
0.568140
0.567850
0.568189
0.567995
0.569177
0.569178
0.569483
0.569872
0.569257
0.568450
0.569354
0.569354
0.568701
0.568260
0.568358
0.567294
0.567331
0.568375
0.568279
0.568291
0.568111
0.567988
0.568029
0.568471
0.568611
0.568229
0.568284
0.568623
0.569044
0.569162
0.569534
0.570240
0.569958
0.570660
0.569915
0.570168
0.570478
0.571149
0.570558
0.570295
0.570443
0.571091
0.570213
0.571130
0.570595
0.571904
0.571394
0.572299
0.572480
0.572351
0.571993
0.571834
0.571610
0.571457
0.571581
0.571801
0.571473
0.571444
0.571418
0.571015
0.570971
0.571256
0.571724
0.572501
0.573110
0.572571
0.572852
0.572650
0.572853
0.573142
0.572923
0.572563
0.572796
0.573098
0.572824
0.572829
0.573124
0.573236
0.573268
0.573365
0.574381
0.574445
0.574494
0.573995
0.574019
0.573720
0.572643
0.572876
0.572957
0.572337
0.572492
0.572458
0.572559
0.572544
0.572112
0.572605
0.572041
0.572025
0.571092
0.570700
0.570541
0.570711
0.571309
0.570360
0.570480
0.570137
0.569930
0.570091
0.570196
0.570450
0.569849
0.570791
0.570354
0.571180
0.571415
0.571876
0.571974
0.572405
0.572616
0.571529
0.571357
0.570967
0.571310
0.571214
0.571358
0.571947
0.572521
0.572204
0.571670
0.571443
0.571528
0.571821
0.571315
0.570946
0.570491
0.570763
0.570676
0.570612
0.570365
0.569763
0.569613
0.569268
0.569255
0.569105
0.569254
0.570047
0.570669
0.570913
0.570533
0.570393
0.570583
0.570303
0.570525
0.570147
0.570228
0.570902
0.571199
0.570758
0.570662
0.571400
0.571333
0.572140
0.572812
0.573045
0.573388
0.573080
0.572737
0.573571
0.574281
0.574743
0.574074
0.573906
0.574638
0.575110
0.575181
0.575789
0.575298
0.574720
0.575897
0.575424
0.576333
0.575964
0.576595
0.576204
0.576597
0.576854
0.576416
0.576772
0.576684
0.576758
0.577491
0.576988
0.576468
0.576429
0.576334
0.576483
0.576864
0.577199
0.577656
0.577383
0.577960
0.577653
0.576983
0.577143
0.576971
0.577083
0.577382
0.577920
0.578042
0.577788
0.577416
0.577765
0.576785
0.577358
0.576999
0.576812
0.577501
0.577354
0.577212
0.577648
0.576719
0.576952
0.576565
0.576673
0.576217
0.576280
0.576238
0.575952
0.575969
0.576260
0.576190
0.575971
0.576066
0.576239
0.576912
0.576932
0.577456
0.577563
0.578053
0.578194
0.578377
0.579095
0.579492
0.578855
0.579552
0.580343
0.579636
0.579775
0.579481
0.578167
0.577334
0.578006
0.577762
0.577464
0.577371
0.577834
0.578810
0.578549
0.578502
0.578578
0.579257
0.579268
0.578968
0.578909
0.578891
0.579192
0.578916
0.578979
0.579191
0.579659
0.579816
0.579377
0.579488
0.579720
0.580084
0.579420
0.579637
0.579727
0.579019
0.578625
0.578336
0.579387
0.579072
0.579799
0.579525
0.579605
0.579678
0.579784
0.579363
0.579324
0.578876
0.578744
0.579341
0.579518
0.580661
0.580690
0.581191
0.581214
0.580266
0.579834
0.579736
0.579746
0.579148
0.579186
0.578546
0.578778
0.578677
0.578340
0.578762
0.578289
0.578760
0.578440
0.578355
0.577197
0.577180
0.577147
0.576831
0.577500
0.577349
0.576859
0.577491
0.577570
0.577742
0.578015
0.578068
0.577568
0.577158
0.577619
0.578465
0.578095
0.578520
0.578138
0.578044
0.578140
0.578666
0.579652
0.579657
0.579454
0.579485
0.579427
0.578700
0.578166
0.577957
0.577442
0.577594
0.578120
0.578397
0.578506
0.578634
0.578844
0.578895
0.578489
0.577880
0.576510
0.575715
0.575392
0.575599
0.575931
0.575945
0.576335
0.577108
0.577651
0.578572
0.578756
0.578751
0.578839
0.578923
0.578561
0.578345
0.578299
0.577763
0.577862
0.577042
0.576616
0.577919
0.577940
0.577301
0.576832
0.576818
0.577415
0.576801
0.577552
0.577042
0.576270
0.576640
0.577043
0.577302
0.577872
0.577784
0.577658
0.577742
0.577381
0.578371
0.578173
0.578329
0.578170
0.578378
0.578221
0.578374
0.578681
0.579654
0.579969
0.580720
0.580692
0.580458
0.580844
0.580901
0.580550
0.580237
0.580239
0.579603
0.579582
0.580481
0.580015
0.579650
0.580268
0.579671
0.579487
0.579475
0.579724
0.579503
0.579070
0.579419
0.579155
0.579399
0.580190
0.580835
0.580228
0.579495
0.580263
0.580917
0.580536
0.581243
0.581436
0.581789
0.582183
0.582082
0.581851
0.581782
0.581974
0.581355
0.581481
0.581860
0.582032
0.581601
0.581445
0.581364
0.580477
0.580032
0.580103
0.581065
0.581335
0.581190
0.581707
0.581292
0.581120
0.581566
0.581072
0.580727
0.580163
0.579638
0.579085
0.579066
0.579271
0.579074
0.579333
0.579861
0.579506
0.580543
0.581388
0.581540
0.581298
0.581443
0.581482
0.581113
0.581050
0.582031
0.582815
0.582893
0.582959
0.583356
0.583410
0.583614
0.583369
0.583621
0.583324
0.583179
0.583526
0.583411
0.583184
0.583532
0.583134
0.582812
0.583774
0.584024
0.584472
0.585318
0.584759
0.584672
0.585017
0.584679
0.584353
0.583903
0.583418
0.583901
0.583365
0.583183
0.583263
0.583404
0.583990
0.584212
0.584666
0.584399
0.584537
0.584196
0.584774
0.584537
0.584627
0.583781
0.583815
0.584136
0.585217
0.585975
0.586299
0.586815
0.587740
0.587750
0.587817
0.587897
0.587623
0.587118
0.587272
0.587091
0.587245
0.587614
0.587251
0.587490
0.587550
0.587110
0.587346
0.587337
0.587487
0.587451
0.587602
0.587472
0.587157
0.586516
0.586193
0.586215
0.585846
0.585451
0.585582
0.585531
0.586410
0.586250
0.585486
0.585502
0.585421
0.585570
0.585888
0.586225
0.586578
0.587432
0.587396
0.588550
0.588959
0.589660
0.589646
0.588976
0.588916
0.589411
0.589177
0.588340
0.588270
0.587942
0.587500
0.586501
0.586450
0.586609
0.586959
0.586204
0.586310
0.586720
0.587120
0.586812
0.586420
0.586589
0.586115
0.586268
0.585930
0.585798
0.586326
0.585922
0.586508
0.586659
0.586489
0.586716
0.586429
0.585867
0.585637
0.585366
0.585960
0.586389
0.586129
0.586591
0.586514
0.586299
0.585801
0.585518
0.586128
0.586457
0.585705
0.585440
0.585368
0.584701
0.583656
0.583820
0.584029
0.584156
0.584720
0.584776
0.584820
0.585646
0.585560
0.585480
0.585826
0.585817
0.586567
0.587007
0.587594
0.587807
0.587710
0.587148
0.587191
0.586798
0.586552
0.587242
0.587692
0.587118
0.587604
0.587153
0.587144
0.587067
0.586655
0.586857
0.587075
0.587164
0.586829
0.586758
0.587355
0.587035
0.587715
0.587394
0.588063
0.588009
0.587101
0.586125
0.585550
0.585047
0.584570
0.584691
0.584882
0.585218
0.585029
0.585604
0.585898
0.586038
0.586022
0.585936
0.585906
0.585791
0.587001
0.586738
0.586525
0.586576
0.587209
0.586996
0.586752
0.586920
0.586767
0.586930
0.587336
0.587452
0.587220
0.587471
0.586185
0.586895
0.587068
0.587219
0.585240
0.585663
0.585368
0.585492
0.584927
0.584872
0.585352
0.585640
0.585621
0.585783
0.586065
0.586009
0.586403
0.586533
0.586011
0.586072
0.585804
0.585558
0.586124
0.586362
0.585741
0.585440
0.584881
0.585242
0.584665
0.584664
0.584985
0.584088
0.584238
0.584284
0.584474
0.583373
0.583677
0.583510
0.582565
0.582845
0.582281
0.582541
0.583188
0.582785
0.582658
0.581863
0.581705
0.580628
0.581137
0.581332
0.581827
0.580913
0.580647
0.580593
0.580672
0.580516
0.581011
0.581250
0.582213
0.582111
0.582018
0.581443
0.581685
0.581567
0.581109
0.581898
0.582797
0.583304
0.583457
0.583108
0.582627
0.582386
0.582858
0.582993
0.582810
0.582540
0.581920
0.581465
0.581537
0.581188
0.581808
0.582663
0.582554
0.583077
0.582930
0.582509
0.582365
0.582387
0.582096
0.581195
0.582126
0.582366
0.582579
0.582510
0.582763
0.582472
0.582644
0.582604
0.582394
0.582613
0.583585
0.583926
0.584514
0.584408
0.584600
0.585042
0.585184
0.584828
0.584845
0.585464
0.585010
0.585619
0.585523
0.584582
0.585094
0.584382
0.584051
0.584210
0.584093
0.583961
0.583256
0.583551
0.584704
0.585043
0.584529
0.584799
0.584411
0.584563
0.584399
0.584105
0.583984
0.583975
0.583684
0.583807
0.583763
0.584037
0.583925
0.583965
0.584080
0.583206
0.582966
0.583814
0.583128
0.583294
0.583604
0.583233
0.583511
0.582762
0.583179
0.582909
0.582517
0.582283
0.583401
0.584129
0.583824
0.584606
0.583603
0.583476
0.583654
0.583449
0.583892
0.583900
0.584017
0.584348
0.584825
0.584343
0.584011
0.584149
0.584017
0.583895
0.583905
0.583916
0.583245
0.583065
0.582939
0.584272
0.582988
0.582842
0.583075
0.582940
0.582188
0.581935
0.581994
0.582394
0.581848
0.581847
0.582057
0.581861
0.582483
0.582187
0.582727
0.582509
0.582590
0.582048
0.582368
0.582536
0.582392
0.583039
0.583626
0.583853
0.584573
0.584010
0.584240
0.583571
0.583588
0.583857
0.583754
0.583660
0.584019
0.583876
0.583709
0.583792
0.583829
0.582576
0.583079
0.582881
0.582771
0.582726
0.582517
0.582940
0.583297
0.583265
0.583380
0.583206
0.583056
0.582665
0.582689
0.583683
0.584049
0.584512
0.584540
0.584873
0.584785
0.584759
0.584422
0.584462
0.584190
0.583205
0.583452
0.584174
0.584263
0.584460
0.584771
0.584669
0.584435
0.584502
0.584715
0.584502
0.584204
0.584402
0.584914
0.585181
0.585386
0.585256
0.585446
0.585033
0.583950
0.584262
0.584510
0.584989
0.585342
0.585412
0.585619
0.585859
0.585725
0.585381
0.584679
0.584795
0.584693
0.585092
0.585925
0.585650
0.585852
0.586436
0.586175
0.586182
0.585789
0.585846
0.586384
0.587275
0.587805
0.587831
0.587663
0.588097
0.587670
0.586812
0.586847
0.586258
0.586406
0.586746
0.586122
0.586826
0.586480
0.586258
0.586329
0.586517
0.586232
0.586479
0.585941
0.585476
0.585423
0.584893
0.585027
0.585388
0.586403
0.587092
0.586802
0.586288
0.585557
0.585033
0.585067
0.585498
0.584273
0.584437
0.585069
0.584078
0.583982
0.583602
0.584064
0.584236
0.584223
0.583914
0.584133
0.584329
0.585182
0.585076
0.585074
0.585175
0.585031
0.585413
0.585247
0.585172
0.584346
0.584252
0.584225
0.584974
0.585056
0.584215
0.584285
0.583557
0.583956
0.584221
0.584905
0.585300
0.585363
0.585506
0.585631
0.585165
0.585452
0.585795
0.585491
0.585882
0.585196
0.584140
0.584853
0.585087
0.585208
0.585074
0.585159
0.585329
0.585761
0.585730
0.585610
0.586131
0.585706
0.585794
0.585278
0.585528
0.584992
0.584430
0.584551
0.584439
0.585193
0.585351
0.585552
0.585186
0.585252
0.585852
0.586509
0.586191
0.586981
0.587737
0.588057
0.587267
0.588582
0.588800
0.589098
0.588774
0.588952
0.589017
0.589360
0.588969
0.589337
0.588747
0.588926
0.589325
0.589991
0.589360
0.589620
0.589475
0.589677
0.589710
0.590392
0.589949
0.589987
0.589500
0.589190
0.589077
0.588889
0.590016
0.589868
0.590255
0.590255
0.590677
0.590970
0.590470
0.590158
0.590327
0.589892
0.589497
0.589270
0.589675
0.589439
0.589575
0.588930
0.589834
0.589495
0.588877
0.589515
0.588530
0.588584
0.587936
0.588381
0.588956
0.589157
0.588305
0.588212
0.588631
0.588678
0.588386
0.588956
0.589034
0.589277
0.588974
0.589234
0.588510
0.587610
0.588080
0.587893
0.588630
0.588654
0.588550
0.588175
0.588432
0.588663
0.588455
0.588500
0.588363
0.588683
0.588749
0.588820
0.588018
0.588585
0.588285
0.588561
0.588966
0.588613
0.588199
0.588255
0.588013
0.588505
0.588794
0.588773
0.588352
0.588620
0.588646
0.589048
0.588882
0.588161
0.587808
0.587322
0.587065
0.585962
0.585611
0.586021
0.586213
0.586154
0.585246
0.585099
0.585887
0.585398
0.585245
0.585291
0.585154
0.584824
0.584569
0.584446
0.584540
0.584280
0.585083
0.585353
0.585744
0.585697
0.585805
0.586325
0.586555
0.586481
0.587119
0.586924
0.586478
0.586314
0.586365
0.585603
0.585901
0.585486
0.585594
0.586293
0.586391
0.586058
0.586145
0.585628
0.585454
0.585129
0.585084
0.584846
0.584823
0.585137
0.585640
0.585899
0.585981
0.586951
0.586344
0.586291
0.587207
0.586958
0.587421
0.587469
0.587653
0.587622
0.587230
0.587060
0.587193
0.587582
0.587844
0.587403
0.586749
0.586072
0.585935
0.585802
0.585637
0.585477
0.584373
0.584168
0.584865
0.585099
0.585493
0.585500
0.585993
0.586394
0.586814
0.586575
0.587921
0.586831
0.586892
0.586610
0.586565
0.587529
0.588257
0.587631
0.586503
0.586764
0.586863
0.587488
0.587540
0.587176
0.587024
0.587136
0.587340
0.587493
0.588110
0.587590
0.587414
0.587301
0.587605
0.588516
0.588010
0.587512
0.587396
0.587095
0.586930
0.587148
0.587919
0.588291
0.588187
0.587992
0.587740
0.588010
0.588249
0.588178
0.587852
0.587955
0.587659
0.587145
0.586079
0.586154
0.586542
0.586277
0.585901
0.585827
0.585278
0.585375
0.585716
0.586501
0.586611
0.586532
0.586519
0.586446
0.586084
0.585645
0.586009
0.586139
0.585555
0.586106
0.586386
0.587209
0.587990
0.588438
0.588338
0.588167
0.588673
0.588491
0.588227
0.588133
0.588049
0.587504
0.587095
0.586901
0.587502
0.588234
0.588424
0.588985
0.588440
0.588302
0.588434
0.588089
0.588505
0.588666
0.588204
0.588586
0.589135
0.589303
0.588907
0.588851
0.589204
0.588826
0.589652
0.589164
0.588709
0.587815
0.587612
0.587849
0.587947
0.588083
0.588059
0.588511
0.589089
0.587911
0.588660
0.588451
0.588969
0.588945
0.589163
0.589089
0.589023
0.589724
0.589957
0.590091
0.590134
0.589936
0.589498
0.590356
0.590005
0.590197
0.589311
0.589321
0.589300
0.589760
0.589820
0.589288
0.589513
0.590423
0.589826
0.590489
0.590113
0.590130
0.590507
0.590235
0.590474
0.590290
0.590563
0.590303
0.590511
0.590777
0.591240
0.592110
0.592624
0.592816
0.592585
0.592429
0.591393
0.591801
0.592005
0.592052
0.591446
0.592032
0.592271
0.591919
0.591734
0.591764
0.591718
0.591579
0.592412
0.592563
0.591976
0.591860
0.591749
0.591693
0.591493
0.591064
0.590798
0.590979
0.591067
0.590780
0.590860
0.590496
0.590544
0.590489
0.590877
0.590326
0.590301
0.591292
0.590959
0.591395
0.590768
0.591305
0.591513
0.592000
0.592438
0.592080
0.592210
0.592434
0.592178
0.592126
0.591174
0.590724
0.590861
0.590947
0.590444
0.590916
0.591012
0.590327
0.590614
0.590909
0.590409
0.590197
0.590509
0.591056
0.591293
0.591865
0.591313
0.591051
0.590561
0.589837
0.590594
0.591083
0.591472
0.590861
0.590040
0.590007
0.589299
0.589058
0.589493
0.590097
0.590713
0.589776
0.589768
0.590161
0.589322
0.589630
0.589591
0.589049
0.588976
0.589406
0.589045
0.588655
0.588288
0.588332
0.588998
0.589051
0.589276
0.588704
0.589760
0.589478
0.588887
0.589272
0.588810
0.588816
0.589228
0.589065
0.589376
0.589241
0.588817
0.588856
0.588840
0.589602
0.589373
0.590055
0.589695
0.588981
0.588911
0.588447
0.588663
0.587932
0.588545
0.588342
0.588117
0.588011
0.588144
0.588484
0.588224
0.589248
0.589691
0.589523
0.589481
0.588538
0.588431
0.588905
0.589502
0.588982
0.589106
0.588772
0.588875
0.588531
0.588103
0.588051
0.587832
0.588921
0.588833
0.589192
0.588756
0.588043
0.588015
0.588294
0.588294
0.588403
0.588057
0.588458
0.588861
0.589511
0.589203
0.589327
0.589184
0.588636
0.589036
0.589086
0.589515
0.590214
0.589979
0.589453
0.589444
0.588927
0.588576
0.589244
0.589354
0.590009
0.590033
0.589591
0.589876
0.589173
0.589131
0.589072
0.589434
0.588911
0.588793
0.589182
0.589112
0.589578
0.588799
0.589085
0.588767
0.588887
0.589659
0.589443
0.589798
0.589009
0.589111
0.588252
0.587704
0.588302
0.588374
0.588604
0.588654
0.588570
0.589175
0.588963
0.588623
0.589191
0.590002
0.590811
0.591119
0.591847
0.591041
0.590780
0.591491
0.591129
0.591278
0.590791
0.590745
0.590855
0.590784
0.590409
0.589739
0.590313
0.589860
0.589798
0.590697
0.590181
0.589986
0.589601
0.589376
0.589197
0.589651
0.589435
0.589566
0.589888
0.590742
0.591054
0.591713
0.591667
0.591959
0.591725
0.591731
0.592421
0.592482
0.592289
0.592795
0.592250
0.592332
0.592405
0.592465
0.592511
0.592607
0.591576
0.592608
0.593206
0.593597
0.592554
0.592958
0.593035
0.592782
0.593111
0.593907
0.594162
0.594315
0.593618
0.593786
0.593440
0.592679
0.592518
0.592512
0.592320
0.592089
0.592154
0.592928
0.592981
0.592084
0.591727
0.591484
0.591323
0.590721
0.591243
0.590833
0.590685
0.590884
0.590033
0.589889
0.590344
0.590833
0.590955
0.590782
0.591169
0.592122
0.592458
0.592742
0.592472
0.592612
0.592339
0.591951
0.591934
0.591460
0.591298
0.591381
0.591848
0.591536
0.592071
0.591483
0.591795
0.591907
0.592542
0.592060
0.592409
0.592665
0.591522
0.591963
0.592412
0.592611
0.593254
0.592867
0.592605
0.593141
0.592661
0.592371
0.592078
0.592363
0.592338
0.591895
0.591800
0.591506
0.591801
0.591441
0.590389
0.590253
0.590016
0.590542
0.591250
0.591264
0.591363
0.590846
0.590673
0.590909
0.590500
0.590427
0.590017
0.590190
0.591002
0.590809
0.591964
0.591956
0.592230
0.592093
0.592093
0.591733
0.592027
0.592283
0.591917
0.592422
0.591535
0.591726
0.591571
0.591772
0.591752
0.591829
0.591623
0.592314
0.592945
0.593104
0.593212
0.593183
0.593912
0.593201
0.592381
0.591295
0.591209
0.591183
0.590147
0.590041
0.590438
0.590272
0.590168
0.590566
0.590598
0.590916
0.591231
0.591545
0.591491
0.591274
0.591535
0.591352
0.591312
0.590994
0.591906
0.591591
0.591732
0.591645
0.591449
0.591548
0.590895
0.590928
0.589852
0.589709
0.589963
0.590850
0.591044
0.591303
0.591246
0.590430
0.591104
0.590557
0.590648
0.590379
0.589901
0.589897
0.590127
0.590053
0.590070
0.590704
0.590779
0.591192
0.591007
0.590727
0.591346
0.591490
0.591566
0.591852
0.592318
0.592845
0.592653
0.592820
0.592615
0.592097
0.592336
0.592068
0.592848
0.593421
0.593972
0.592990
0.592727
0.592354
0.592345
0.592101
0.591540
0.590888
0.590957
0.591532
0.592299
0.591872
0.591174
0.591996
0.591731
0.591515
0.590945
0.591303
0.590770
0.590826
0.589885
0.590217
0.590539
0.590135
0.589775
0.589078
0.589355
0.589166
0.588443
0.587966
0.588768
0.588054
0.588159
0.589192
0.588789
0.589417
0.588873
0.588603
0.589094
0.588841
0.588378
0.588693
0.588417
0.588284
0.587902
0.587938
0.587332
0.586851
0.587166
0.587210
0.587662
0.587381
0.586957
0.586504
0.586555
0.586689
0.586812
0.586594
0.586660
0.586074
0.586005
0.585816
0.586521
0.587226
0.587696
0.587262
0.587532
0.587812
0.588064
0.588047
0.588067
0.587720
0.587387
0.587271
0.588192
0.588807
0.588304
0.588118
0.588223
0.587687
0.588456
0.588597
0.589147
0.588966
0.588971
0.589799
0.590164
0.590800
0.591156
0.591143
0.590986
0.591142
0.591221
0.591408
0.591326
0.590229
0.589913
0.589316
0.589745
0.589274
0.588929
0.589756
0.589233
0.589086
0.589021
0.589507
0.588897
0.589573
0.590057
0.589981
0.589629
0.589181
0.588372
0.589048
0.588660
0.588870
0.588421
0.589522
0.589903
0.589442
0.589483
0.589238
0.588490
0.588028
0.587927
0.587743
0.588470
0.588415
0.588586
0.588692
0.588296
0.588959
0.589284
0.588705
0.588740
0.589051
0.589473
0.589532
0.589293
0.589081
0.588830
0.588362
0.588211
0.588476
0.588701
0.588851
0.589452
0.588918
0.589684
0.589633
0.589213
0.589687
0.589905
0.590421
0.590145
0.589834
0.589333
0.588730
0.588969
0.589926
0.589274
0.588689
0.589095
0.589143
0.588664
0.589183
0.589291
0.589160
0.589671
0.589404
0.589207
0.589639
0.589676
0.590141
0.589633
0.589446
0.590323
0.590136
0.589950
0.590703
0.591256
0.591783
0.591537
0.591999
0.592200
0.592632
0.592869
0.592083
0.591365
0.591418
0.590841
0.590652
0.591625
0.591288
0.591671
0.591438
0.591355
0.591295
0.590855
0.590760
0.591196
0.591606
0.591537
0.591406
0.590823
0.591207
0.590922
0.591062
0.591130
0.591331
0.590725
0.590678
0.591334
0.591113
0.591528
0.591656
0.591784
0.592055
0.592283
0.591608
0.592052
0.591801
0.591446
0.591468
0.590752
0.591213
0.591115
0.590726
0.590178
0.589750
0.589552
0.590147
0.590295
0.589820
0.590320
0.589546
0.589675
0.588578
0.589154
0.589349
0.589385
0.589752
0.589267
0.589452
0.590279
0.589950
0.590433
0.590826
0.590865
0.590861
0.590593
0.591381
0.591295
0.590255
0.589905
0.590355
0.590304
0.589825
0.589545
0.590244
0.590161
0.590126
0.590485
0.590763
0.590700
0.590460
0.590197
0.590590
0.590616
0.590307
0.590413
0.590362
0.590431
0.590190
0.590740
0.590713
0.591291
0.591167
0.591342
0.591041
0.590948
0.591534
0.591458
0.591595
0.591373
0.590804
0.590502
0.590082
0.590267
0.589606
0.589325
0.589396
0.589810
0.589112
0.589152
0.589502
0.589859
0.590095
0.589997
0.589931
0.589547
0.589835
0.589803
0.589268
0.589036
0.590628
0.590506
0.590655
0.591146
0.591579
0.591210
0.591593
0.592085
0.591971
0.591769
0.591155
0.591368
0.591315
0.591080
0.591090
0.590189
0.591196
0.591026
0.590772
0.590516
0.590810
0.590611
0.590964
0.590927
0.590937
0.590245
0.590682
0.590040
0.589660
0.590228
0.589729
0.590042
0.590049
0.589720
0.590210
0.590160
0.590682
0.590723
0.590209
0.590361
0.589652
0.589446
0.588859
0.589243
0.588661
0.589284
0.589857
0.589310
0.589908
0.589809
0.589730
0.589113
0.589285
0.590164
0.590443
0.591385
0.591317
0.591083
0.591841
0.592289
0.592420
0.591637
0.592352
0.592378
0.592403
0.591339
0.591152
0.590979
0.591068
0.590396
0.590176
0.590453
0.590296
0.590283
0.590426
0.590098
0.590348
0.589950
0.589905
0.589766
0.589653
0.589355
0.589808
0.590473
0.590425
0.590251
0.590126
0.589138
0.588697
0.588225
0.588354
0.588317
0.588731
0.589273
0.589181
0.588255
0.587982
0.588594
0.588603
0.589138
0.589717
0.589788
0.590044
0.589727
0.589883
0.589919
0.589129
0.588679
0.588760
0.589900
0.589808
0.589749
0.590624
0.591334
0.591769
0.593033
0.592321
0.592706
0.592927
0.592976
0.593306
0.593102
0.593125
0.593467
0.593521
0.593274
0.593627
0.594004
0.593336
0.593286
0.593502
0.593618
0.593814
0.593621
0.593596
0.593538
0.592740
0.592648
0.592763
0.592171
0.592933
0.593863
0.593921
0.593820
0.594113
0.593220
0.592929
0.593126
0.592359
0.591840
0.591274
0.591781
0.591946
0.592409
0.592322
0.591756
0.592330
0.592298
0.591820
0.591453
0.591615
0.592018
0.591468
0.592353
0.592812
0.592332
0.592090
0.591590
0.591797
0.591490
0.591784
0.592153
0.592070
0.591899
0.591751
0.591686
0.591436
0.592010
0.591016
0.591621
0.591793
0.592168
0.591637
0.590622
0.590699
0.591006
0.591234
0.591233
0.590711
0.590880
0.590479
0.590501
0.590717
0.591188
0.591022
0.591386
0.591044
0.591240
0.590352
0.590530
0.590625
0.591389
0.591242
0.591955
0.592158
0.591789
0.592620
0.592124
0.592705
0.592877
0.592726
0.592842
0.593083
0.593172
0.592772
0.592107
0.592190
0.592754
0.592989
0.592990
0.592763
0.591773
0.592060
0.591699
0.591910
0.591270
0.591008
0.591465
0.592113
0.592885
0.593009
0.592866
0.592474
0.592323
0.592855
0.591700
0.591138
0.590704
0.591139
0.590846
0.590605
0.591029
0.591750
0.591718
0.591587
0.592268
0.593228
0.593059
0.592554
0.592513
0.592182
0.591369
0.591039
0.591087
0.590842
0.590001
0.590187
0.590180
0.589873
0.589964
0.589895
0.590376
0.589875
0.589356
0.589451
0.589071
0.589795
0.589332
0.588535
0.588769
0.589040
0.588705
0.589279
0.589849
0.588867
0.588653
0.588454
0.588740
0.589041
0.588891
0.588681
0.588967
0.589668
0.589466
0.589251
0.588654
0.588921
0.588438
0.589517
0.589301
0.589727
0.589167
0.589429
0.590308
0.589499
0.589676
0.588889
0.588059
0.587748
0.588170
0.588128
0.587713
0.587052
0.586427
0.586019
0.586870
0.587239
0.587213
0.586708
0.586737
0.586942
0.586896
0.587119
0.587179
0.588083
0.588436
0.589103
0.589175
0.589746
0.589973
0.589809
0.589319
0.589393
0.589745
0.590224
0.590359
0.589915
0.589081
0.589299
0.589420
0.589401
0.589428
0.588998
0.589863
0.590610
0.591367
0.591216
0.590802
0.591323
0.590350
0.589533
0.589049
0.588464
0.587825
0.588463
0.588387
0.589211
0.588849
0.588569
0.588818
0.589372
0.590161
0.590166
0.589828
0.589597
0.589499
0.589931
0.590586
0.589993
0.590222
0.590182
0.590252
0.589403
0.589515
0.589978
0.590115
0.590117
0.589728
0.589434
0.589919
0.589255
0.589080
0.588837
0.588156
0.587874
0.587645
0.587689
0.587601
0.587881
0.587540
0.587337
0.587541
0.587166
0.586941
0.587362
0.587677
0.588365
0.588478
0.588318
0.588189
0.588570
0.588598
0.588523
0.589436
0.588813
0.588308
0.588714
0.588123
0.588128
0.588351
0.589218
0.589534
0.589192
0.589481
0.590048
0.590119
0.589480
0.589327
0.589923
0.590425
0.590563
0.589758
0.589780
0.590123
0.590607
0.591235
0.590677
0.591447
0.590765
0.591257
0.590943
0.591260
0.591358
0.590947
0.590928
0.591157
0.591152
0.590934
0.590458
0.589883
0.589687
0.589507
0.589349
0.589628
0.589169
0.589215
0.588860
0.589613
0.589640
0.590337
0.590023
0.590759
0.590841
0.591234
0.592113
0.591807
0.591979
0.592298
0.591955
0.592050
0.592131
0.592570
0.592436
0.593144
0.592921
0.592176
0.591916
0.591232
0.590549
0.590299
0.590799
0.591682
0.592134
0.591901
0.592293
0.590866
0.590536
0.590879
0.590615
0.591453
0.591577
0.592050
0.591641
0.591485
0.591483
0.591953
0.591461
0.591734
0.591068
0.591103
0.591369
0.591230
0.591306
0.590937
0.590906
0.590728
0.590312
0.590183
0.589551
0.589446
0.589696
0.589709
0.589776
0.589776
0.589651
0.589382
0.589252
0.589247
0.588712
0.588404
0.587681
0.588276
0.588778
0.588845
0.588896
0.588845
0.588833
0.589422
0.589301
0.590068
0.589991
0.589692
0.589869
0.589335
0.589441
0.589377
0.589858
0.589307
0.588916
0.589017
0.588779
0.589356
0.589587
0.590392
0.590711
0.590635
0.590025
0.589814
0.590111
0.589916
0.589912
0.589977
0.589951
0.589764
0.589184
0.589367
0.589810
0.590546
0.590371
0.590712
0.589873
0.590300
0.590572
0.590899
0.591738
0.591505
0.590950
0.591275
0.590681
0.591000
0.590467
0.589872
0.589675
0.589502
0.589329
0.589109
0.589274
0.589247
0.589402
0.589587
0.589730
0.589589
0.589656
0.590415
0.590298
0.590645
0.590958
0.591461
0.591455
0.591749
0.592013
0.591744
0.591518
0.591787
0.591435
0.591397
0.591137
0.591469
0.591792
0.592635
0.592075
0.592389
0.592439
0.592431
0.592905
0.591832
0.591584
0.591789
0.591923
0.592025
0.592586
0.592280
0.591808
0.592093
0.592833
0.592444
0.592616
0.592595
0.592491
0.591975
0.591982
0.592628
0.592099
0.591174
0.591234
0.591244
0.590694
0.591471
0.592294
0.592498
0.592827
0.593022
0.593784
0.593700
0.594118
0.594003
0.594519
0.594474
0.593722
0.593147
0.592378
0.592072
0.592325
0.591887
0.591951
0.591878
0.591661
0.592367
0.592835
0.592588
0.592654
0.592685
0.592456
0.593088
0.592440
0.592284
0.592574
0.592637
0.592360
0.593092
0.593553
0.592775
0.592797
0.593107
0.592842
0.593323
0.592984
0.593630
0.593041
0.593005
0.592945
0.593511
0.593052
0.592809
0.592846
0.592392
0.592525
0.592879
0.593065
0.591759
0.591564
0.591545
0.591564
0.591633
0.591706
0.591352
0.591700
0.591042
0.591349
0.590982
0.591155
0.590610
0.590341
0.590352
0.590386
0.590673
0.591271
0.591078
0.591689
0.591249
0.591363
0.590991
0.591585
0.591851
0.591326
0.591610
0.591580
0.592661
0.592825
0.591740
0.592324
0.592189
0.591657
0.591497
0.592122
0.591252
0.592037
0.592209
0.592190
0.592386
0.592146
0.591899
0.591481
0.591719
0.591866
0.592149
0.591595
0.591826
0.592316
0.591980
0.592389
0.592442
0.592739
0.593363
0.593228
0.593731
0.593538
0.593703
0.592659
0.592920
0.593253
0.594109
0.594548
0.593044
0.593758
0.593154
0.593697
0.593644
0.593295
0.593126
0.592963
0.592330
0.591836
0.591247
0.591254
0.592170
0.593058
0.593470
0.593064
0.593075
0.593440
0.592595
0.592151
0.592436
0.592265
0.591180
0.592353
0.591414
0.591579
0.591797
0.591454
0.591090
0.590484
0.590643
0.591005
0.590858
0.590787
0.590889
0.591356
0.590767
0.590591
0.591188
0.591128
0.590810
0.590407
0.590791
0.590261
0.590897
0.591121
0.591153
0.590037
0.589758
0.589793
0.589498
0.589958
0.590328
0.590534
0.590546
0.590430
0.590472
0.590972
0.591233
0.591354
0.591545
0.591541
0.591149
0.591388
0.592575
0.592138
0.592214
0.590982
0.591676
0.591124
0.591103
0.591210
0.591198
0.591847
0.591751
0.591068
0.591601
0.591877
0.591877
0.591376
0.591767
0.592153
0.592732
0.591964
0.591154
0.592023
0.591659
0.591579
0.591836
0.592520
0.592067
0.592543
0.592065
0.592300
0.591729
0.591406
0.590941
0.590914
0.590676
0.590418
0.590757
0.591647
0.591340
0.590839
0.590588
0.590588
0.590523
0.590121
0.589552
0.589138
0.588230
0.587853
0.588355
0.589202
0.588714
0.588537
0.588872
0.588938
0.588997
0.588712
0.589591
0.589293
0.589348
0.589325
0.589848
0.589955
0.590023
0.590920
0.590694
0.589909
0.589409
0.589708
0.590007
0.590747
0.590511
0.591008
0.591556
0.591866
0.592361
0.592535
0.592584
0.592100
0.591602
0.591292
0.591495
0.591131
0.591203
0.591314
0.590573
0.591248
0.591423
0.591264
0.591343
0.591991
0.591911
0.591489
0.591167
0.590414
0.590228
0.591147
0.591289
0.591182
0.590765
0.591272
0.591807
0.591336
0.590917
0.590958
0.591464
0.590827
0.591432
0.591656
0.592140
0.591912
0.591870
0.592172
0.592140
0.591826
0.591034
0.591277
0.590808
0.591082
0.590670
0.590970
0.589951
0.590197
0.590829
0.590396
0.590974
0.591142
0.591048
0.591326
0.590939
0.591389
0.591565
0.591686
0.590801
0.590475
0.590794
0.590293
0.589542
0.589250
0.589700
0.589775
0.589961
0.590700
0.590319
0.590467
0.589397
0.589031
0.589253
0.589465
0.590278
0.590562
0.590467
0.590480
0.590740
0.590469
0.590676
0.590812
0.590984
0.590820
0.590793
0.590893
0.590912
0.590933
0.590846
0.590931
0.590954
0.591606
0.591891
0.591701
0.591491
0.591397
0.591006
0.590957
0.590705
0.591740
0.590590
0.591202
0.591299
0.591555
0.591775
0.591071
0.591242
0.591301
0.591390
0.592042
0.591471
0.592297
0.593541
0.594683
0.594561
0.594897
0.594357
0.594280
0.594109
0.594076
0.594072
0.594346
0.594564
0.594813
0.595158
0.595054
0.595219
0.594184
0.595231
0.595186
0.595168
0.594211
0.593570
0.592854
0.592437
0.592820
0.593218
0.593247
0.593007
0.593437
0.593046
0.592731
0.592385
0.591779
0.591844
0.592040
0.591957
0.592401
0.591774
0.592071
0.592371
0.592922
0.592519
0.592499
0.592600
0.592483
0.593104
0.592378
0.592040
0.592675
0.592162
0.591645
0.591985
0.592096
0.591466
0.591774
0.591541
0.591388
0.591112
0.591215
0.591472
0.591488
0.590588
0.591165
0.590638
0.591149
0.591847
0.591267
0.590442
0.590299
0.590368
0.590315
0.589917
0.589245
0.588992
0.588144
0.588341
0.588809
0.589197
0.589811
0.589561
0.590042
0.589204
0.589405
0.589000
0.589022
0.588670
0.588839
0.588248
0.588516
0.589425
0.589481
0.589376
0.589843
0.588709
0.588961
0.588912
0.589077
0.588784
0.589649
0.589855
0.590632
0.591762
0.591700
0.590703
0.590547
0.590565
0.590181
0.590677
0.590510
0.591185
0.591448
0.591412
0.591437
0.591579
0.591819
0.590813
0.591373
0.591090
0.590901
0.590942
0.590331
0.590206
0.589765
0.589596
0.589307
0.589188
0.589746
0.590204
0.589745
0.589620
0.589417
0.589375
0.589168
0.589126
0.589479
0.589648
0.589928
0.590272
0.590257
0.589813
0.590021
0.590695
0.590263
0.591336
0.591555
0.590893
0.590423
0.589753
0.589878
0.589778
0.590528
0.591082
0.590952
0.590876
0.590639
0.590499
0.590762
0.591494
0.591687
0.591664
0.591007
0.591592
0.592135
0.592039
0.591981
0.592335
0.592544
0.593112
0.592299
0.592306
0.591988
0.591605
0.592167
0.591661
0.592008
0.592553
0.592785
0.593405
0.593634
0.594211
0.594904
0.594268
0.592942
0.593568
0.594061
0.594781
0.594083
0.594142
0.594214
0.594782
0.594471
0.594456
0.594010
0.593722
0.593988
0.593352
0.593319
0.593393
0.593997
0.592699
0.592752
0.591893
0.591940
0.590989
0.590416
0.589794
0.590461
0.590797
0.591137
0.590773
0.590748
0.590239
0.590550
0.590122
0.589513
0.589981
0.589682
0.589562
0.590323
0.590255
0.589266
0.588782
0.589011
0.588813
0.589274
0.588510
0.588502
0.588802
0.588587
0.588463
0.588127
0.588142
0.587477
0.586988
0.588242
0.588888
0.588692
0.588271
0.587498
0.587253
0.586929
0.587351
0.587069
0.586714
0.586871
0.587255
0.588003
0.587351
0.587081
0.587487
0.587647
0.587445
0.587764
0.587045
0.587315
0.586982
0.586581
0.587583
0.587189
0.587522
0.588949
0.588630
0.588709
0.588160
0.588264
0.588757
0.589103
0.588494
0.587159
0.586213
0.586671
0.586714
0.586997
0.587232
0.588398
0.588247
0.588704
0.588701
0.589141
0.588714
0.587836
0.587599
0.586990
0.587018
0.586793
0.586153
0.586036
0.586423
0.586568
0.586304
0.587067
0.587156
0.587354
0.586891
0.587376
0.587336
0.586947
0.586923
0.587010
0.587251
0.587409
0.588210
0.588807
0.589081
0.589443
0.589503
0.589922
0.589972
0.590364
0.590776
0.591022
0.591535
0.591299
0.590732
0.590176
0.589924
0.590308
0.589901
0.589739
0.590598
0.590118
0.590607
0.591479
0.591612
0.591175
0.591157
0.591239
0.591028
0.590389
0.591306
0.591185
0.592138
0.591824
0.590811
0.590474
0.589844
0.590024
0.590357
0.590714
0.590182
0.590037
0.589577
0.590039
0.590412
0.590874
0.590645
0.590610
0.590635
0.589712
0.589542
0.588407
0.588686
0.588648
0.589414
0.589517
0.589448
0.589099
0.589399
0.589701
0.589966
0.590092
0.590467
0.590537
0.590667
0.590519
0.589950
0.590095
0.590278
0.590360
0.590089
0.590588
0.590892
0.590636
0.589725
0.590280
0.590097
0.589885
0.590094
0.590203
0.590883
0.590697
0.590768
0.591512
0.591812
0.591513
0.591644
0.591662
0.591465
0.591395
0.590891
0.590522
0.590989
0.589978
0.590224
0.590531
0.589943
0.590812
0.590403
0.590406
0.590275
0.590434
0.589287
0.589923
0.590101
0.591284
0.590821
0.590582
0.590791
0.590235
0.590457
0.590203
0.590818
0.590856
0.591510
0.590910
0.591078
0.591252
0.591655
0.591440
0.591171
0.591170
0.591425
0.591319
0.591100
0.591087
0.591965
0.592097
0.591900
0.591921
0.591118
0.590947
0.591398
0.590322
0.590260
0.590707
0.590907
0.590754
0.591488
0.591593
0.590704
0.591151
0.591006
0.590728
0.590990
0.590595
0.590342
0.589653
0.589843
0.589248
0.590584
0.591288
0.591472
0.591839
0.591910
0.591992
0.591242
0.590397
0.590598
0.590629
0.590708
0.590221
0.590131
0.590326
0.590049
0.589907
0.590083
0.590690
0.590752
0.591149
0.589994
0.590263
0.589956
0.590570
0.590249
0.589457
0.589336
0.589497
0.589214
0.588515
0.588685
0.588840
0.590279
0.590272
0.590179
0.590876
0.591180
0.591169
0.591270
0.591053
0.591443
0.591406
0.591056
0.591235
0.590742
0.590421
0.590677
0.590453
0.590579
0.590536
0.591074
0.591548
0.592005
0.591812
0.592522
0.592708
0.592636
0.591814
0.592060
0.591646
0.592087
0.591723
0.590894
0.590992
0.591109
0.590300
0.589850
0.590912
0.591435
0.590804
0.590892
0.591363
0.591228
0.591215
0.590977
0.591786
0.591931
0.593017
0.593007
0.592428
0.592179
0.592145
0.592563
0.592059
0.592330
0.592230
0.591393
0.591402
0.591431
0.592190
0.592733
0.593472
0.593726
0.593792
0.593293
0.593844
0.593327
0.593307
0.593699
0.593083
0.593221
0.593167
0.593234
0.592133
0.593527
0.593834
0.593314
0.593072
0.592490
0.592027
0.592301
0.592094
0.592530
0.592495
0.592777
0.593275
0.592910
0.593063
0.592980
0.592542
0.592373
0.593037
0.593240
0.592927
0.593439
0.592755
0.591769
0.591320
0.591017
0.591161
0.590549
0.590767
0.590913
0.591568
0.591561
0.591512
0.591408
0.590718
0.590704
0.590974
0.591728
0.591974
0.591755
0.591797
0.592100
0.591909
0.591615
0.591542
0.591308
0.591594
0.591592
0.591540
0.591692
0.591514
0.591544
0.592363
0.592188
0.592069
0.592756
0.592810
0.593082
0.593501
0.593854
0.593827
0.593645
0.594088
0.593665
0.594620
0.594305
0.594365
0.593986
0.593610
0.593556
0.592667
0.592585
0.592145
0.593420
0.593417
0.593837
0.593603
0.593194
0.593425
0.592934
0.592978
0.593077
0.592606
0.592808
0.592215
0.592143
0.592736
0.593110
0.592075
0.592715
0.592351
0.592067
0.592198
0.591371
0.591510
0.591114
0.590559
0.589973
0.590208
0.590253
0.590556
0.590889
0.591251
0.591886
0.592244
0.592216
0.593034
0.593584
0.593452
0.593426
0.593610
0.593644
0.593918
0.594254
0.593896
0.593721
0.593723
0.593453
0.593511
0.593861
0.593432
0.593828
0.593457
0.593088
0.592592
0.592952
0.592916
0.592832
0.593935
0.593636
0.593748
0.593721
0.593228
0.593373
0.593133
0.592683
0.593058
0.592958
0.593422
0.592959
0.592315
0.591957
0.591602
0.592326
0.592840
0.592154
0.591706
0.591335
0.591421
0.590861
0.591030
0.591189
0.591838
0.591470
0.591386
0.591785
0.591276
0.591188
0.591485
0.591950
0.592299
0.591659
0.590938
0.591261
0.591365
0.591330
0.591370
0.592171
0.591512
0.591050
0.590677
0.589953
0.589615
0.589704
0.589813
0.590141
0.590432
0.589625
0.589596
0.589727
0.589876
0.590023
0.590343
0.590820
0.590288
0.589873
0.589820
0.590333
0.590007
0.589681
0.589352
0.589440
0.589535
0.590083
0.589750
0.589322
0.590001
0.589837
0.590228
0.589702
0.589718
0.589455
0.589872
0.589647
0.589621
0.589286
0.588558
0.589573
0.589075
0.590224
0.589957
0.589538
0.589296
0.589670
0.589791
0.590367
0.590049
0.589692
0.589813
0.589356
0.589452
0.590240
0.589481
0.589637
0.590312
0.589925
0.590030
0.589956
0.589945
0.590391
0.590755
0.590625
0.590735
0.591394
0.590911
0.591549
0.591397
0.591422
0.591399
0.591686
0.591332
0.590742
0.591731
0.591757
0.592046
0.591840
0.591704
0.591062
0.591291
0.590820
0.590663
0.591062
0.591099
0.590588
0.591001
0.591726
0.590612
0.590512
0.590032
0.590618
0.590261
0.590213
0.590253
0.589783
0.589655
0.589682
0.589621
0.590128
0.590623
0.591105
0.591027
0.591547
0.591750
0.591415
0.591579
0.592288
0.591798
0.592067
0.592376
0.592962
0.593374
0.593177
0.593752
0.594124
0.593580
0.593657
0.593756
0.593407
0.592971
0.593676
0.593799
0.593314
0.593170
0.593355
0.592672
0.592909
0.593984
0.593869
0.593851
0.593102
0.592781
0.592940
0.592865
0.592639
0.593328
0.593287
0.592095
0.591451
0.591341
0.591114
0.591124
0.590685
0.591153
0.591357
0.591844
0.592451
0.592922
0.592684
0.593085
0.592518
0.594021
0.594115
0.593038
0.592606
0.593220
0.592787
0.591841
0.591342
0.591453
0.591489
0.591423
0.591880
0.591506
0.591998
0.591904
0.592575
0.592792
0.592413
0.592734
0.592880
0.592887
0.591986
0.591723
0.591442
0.591993
0.592114
0.592062
0.591890
0.591546
0.591641
0.591597
0.591542
0.592069
0.592642
0.592574
0.592955
0.592725
0.592674
0.592798
0.593418
0.593362
0.593754
0.593575
0.593090
0.592341
0.592586
0.592850
0.592631
0.593098
0.593313
0.593159
0.593469
0.594146
0.594733
0.595238
0.594837
0.594833
0.594307
0.593895
0.594747
0.595093
0.595119
0.594678
0.594904
0.594859
0.594778
0.594438
0.594705
0.594039
0.593859
0.594112
0.594662
0.594757
0.594778
0.594730
0.594383
0.593884
0.594024
0.594293
0.593966
0.593913
0.594166
0.594408
0.594414
0.594137
0.594222
0.594256
0.593860
0.594041
0.593862
0.593835
0.594258
0.594594
0.594599
0.594367
0.594944
0.594370
0.595131
0.595954
0.595259
0.595114
0.595248
0.595675
0.596072
0.594659
0.595060
0.595206
0.595644
0.595354
0.595116
0.594775
0.595113
0.595095
0.594526
0.594642
0.594247
0.594784
0.595210
0.595461
0.595099
0.595148
0.594354
0.593896
0.593979
0.593841
0.594713
0.593854
0.593395
0.592980
0.592186
0.593071
0.592447
0.592036
0.592904
0.592955
0.593038
0.593489
0.593800
0.594197
0.593887
0.593658
0.593287
0.593731
0.592851
0.592603
0.592662
0.592641
0.592561
0.592485
0.591871
0.592321
0.592291
0.592263
0.592157
0.592384
0.592951
0.592383
0.592090
0.591679
0.591058
0.590065
0.591134
0.591475
0.591625
0.591891
0.592228
0.591857
0.591782
0.592184
0.591773
0.592104
0.592173
0.591719
0.591211
0.590418
0.589904
0.590178
0.589672
0.589540
0.590205
0.590771
0.590731
0.590499
0.590625
0.590232
0.590365
0.589790
0.590402
0.590803
0.590857
0.590839
0.591350
0.591658
0.592235
0.591796
0.592298
0.591637
0.591651
0.591278
0.591531
0.591896
0.591879
0.591830
0.591937
0.591330
0.591306
0.591455
0.591740
0.591682
0.591127
0.590789
0.590447
0.590561
0.590087
0.590602
0.590322
0.591200
0.591692
0.591451
0.591790
0.592012
0.591354
0.592087
0.591293
0.591951
0.591940
0.591855
0.591800
0.590762
0.590556
0.590550
0.590078
0.590257
0.590897
0.590629
0.590960
0.590105
0.589670
0.589437
0.590165
0.589662
0.590634
0.590823
0.590640
0.591162
0.591818
0.591692
0.591073
0.591599
0.592168
0.591424
0.592237
0.592412
0.591895
0.591095
0.591977
0.592518
0.592531
0.592808
0.592808
0.592725
0.592731
0.593441
0.593093
0.592722
0.592482
0.593518
0.592974
0.593217
0.593495
0.593537
0.594066
0.594728
0.594853
0.594767
0.594705
0.594480
0.594658
0.595007
0.595222
0.595400
0.595325
0.594789
0.594532
0.594007
0.594285
0.593870
0.594260
0.595039
0.595966
0.595792
0.595629
0.595232
0.594688
0.595035
0.595018
0.594984
0.594976
0.595313
0.595329
0.595368
0.594209
0.594969
0.595635
0.595908
0.595956
0.595591
0.595492
0.595456
0.596342
0.595914
0.595940
0.595472
0.594884
0.593802
0.594194
0.593912
0.593469
0.593313
0.593102
0.593242
0.593654
0.593407
0.593213
0.592591
0.592492
0.592722
0.593337
0.593222
0.592893
0.593887
0.594978
0.594185
0.594048
0.593801
0.592825
0.592901
0.593467
0.593312
0.593146
0.592665
0.592386
0.592157
0.592431
0.591599
0.592507
0.592156
0.592854
0.593027
0.592846
0.593134
0.593117
0.592660
0.592521
0.592027
0.592020
0.592655
0.591812
0.591919
0.592186
0.592684
0.592635
0.592457
0.592245
0.592213
0.592845
0.592227
0.592336
0.591867
0.591580
0.590828
0.591676
0.591272
0.590904
0.591019
0.590522
0.590325
0.589796
0.589686
0.588790
0.588544
0.589219
0.589142
0.589216
0.589136
0.588697
0.588932
0.589009
0.589309
0.590149
0.589436
0.589052
0.589909
0.590022
0.590512
0.591297
0.591668
0.591748
0.591517
0.590957
0.591014
0.591319
0.591712
0.590666
0.591185
0.590862
0.591058
0.589554
0.588731
0.589671
0.589814
0.589561
0.589837
0.589835
0.589861
0.590089
0.590356
0.590140
0.590443
0.590751
0.590473
0.590862
0.591652
0.590902
0.591199
0.592224
0.591795
0.591608
0.591712
0.590817
0.590186
0.590656
0.590247
0.591382
0.591758
0.590844
0.591142
0.591399
0.590836
0.590852
0.590434
0.590870
0.591199
0.590648
0.590426
0.590747
0.590067
0.590204
0.590467
0.590416
0.590031
0.589275
0.589873
0.590427
0.590507
0.590450
0.589886
0.588766
0.589397
0.589949
0.589600
0.589635
0.589957
0.590637
0.591320
0.591689
0.591744
0.591693
0.591601
0.591722
0.591725
0.591771
0.591825
0.591241
0.591102
0.591441
0.591442
0.591925
0.592261
0.591947
0.591813
0.592195
0.593403
0.592767
0.593369
0.592783
0.593024
0.593410
0.593087
0.593672
0.594491
0.594315
0.593896
0.593777
0.593472
0.593825
0.594409
0.595174
0.594785
0.595487
0.595182
0.593895
0.594427
0.593661
0.595025
0.595086
0.595177
0.595616
0.595248
0.594889
0.595648
0.595112
0.593972
0.593890
0.594313
0.594254
0.594218
0.594499
0.594068
0.593537
0.593570
0.594119
0.593749
0.593061
0.593222
0.593066
0.593143
0.593318
0.593527
0.593974
0.594187
0.593433
0.593732
0.594402
0.594296
0.594584
0.594778
0.593998
0.593504
0.593635
0.592952
0.592456
0.591802
0.592393
0.591634
0.591808
0.592552
0.593152
0.593338
0.593017
0.592385
0.592429
0.593570
0.594415
0.593815
0.594284
0.594761
0.595058
0.594390
0.594318
0.593399
0.594683
0.594610
0.595001
0.595202
0.594172
0.594876
0.594283
0.594439
0.594761
0.594653
0.594765
0.595160
0.594742
0.594275
0.593527
0.593454
0.593042
0.592774
0.592431
0.592759
0.592572
0.593527
0.593197
0.593587
0.593059
0.593610
0.593371
0.593454
0.593009
0.593170
0.593812
0.593612
0.593986
0.593890
0.593362
0.593595
0.593519
0.593439
0.593440
0.593513
0.593631
0.593406
0.593801
0.593984
0.594040
0.593954
0.593868
0.593323
0.593651
0.593420
0.593011
0.592332
0.593093
0.593919
0.593648
0.593781
0.593639
0.593199
0.592426
0.592610
0.592936
0.592502
0.592578
0.592031
0.591697
0.592214
0.592065
0.591784
0.591558
0.591841
0.591647
0.591380
0.590744
0.590554
0.590078
0.590159
0.590409
0.590289
0.590655
0.591019
0.590575
0.589877
0.590469
0.590439
0.590270
0.589846
0.590008
0.590107
0.590453
0.590343
0.590702
0.591561
0.591057
0.590685
0.590506
0.590262
0.589545
0.590363
0.589930
0.589381
0.589869
0.589684
0.589823
0.590287
0.590494
0.590795
0.590746
0.590101
0.589442
0.589693
0.589185
0.589539
0.589576
0.589590
0.589246
0.589499
0.589412
0.589759
0.589772
0.589997
0.589733
0.590133
0.590359
0.590034
0.589970
0.590333
0.589958
0.590089
0.589759
0.589564
0.588832
0.588202
0.588761
0.588830
0.588978
0.590178
0.590911
0.590938
0.591097
0.590730
0.591051
0.591320
0.591485
0.590971
0.591616
0.592327
0.591350
0.591724
0.591527
0.590395
0.590634
0.590229
0.589735
0.589889
0.589858
0.590337
0.591257
0.591646
0.591302
0.591152
0.591396
0.591643
0.591387
0.591075
0.591544
0.591293
0.590971
0.590956
0.590342
0.589786
0.590011
0.590732
0.590884
0.590774
0.591792
0.591839
0.592029
0.592095
0.591514
0.592508
0.592848
0.592844
0.592049
0.591853
0.592151
0.591805
0.591580
0.591395
0.590869
0.590728
0.590521
0.591140
0.591433
0.591532
0.592473
0.592295
0.591462
0.591379
0.592240
0.591291
0.591350
0.591274
0.590597
0.590303
0.590099
0.591018
0.590382
0.590687
0.590693
0.590712
0.590996
0.591442
0.592093
0.591126
0.590512
0.591964
0.592298
0.592357
0.592835
0.592953
0.592733
0.592875
0.592949
0.593206
0.593070
0.593480
0.592320
0.592788
0.592881
0.592630
0.592388
0.592277
0.592225
0.592259
0.591758
0.592159
0.591828
0.591033
0.591282
0.590683
0.591317
0.591727
0.591760
0.591658
0.592132
0.592518
0.592940
0.592229
0.592252
0.592163
0.592469
0.592305
0.592228
0.591793
0.592286
0.591417
0.591316
0.591342
0.591930
0.591785
0.591873
0.591823
0.591578
0.591820
0.592508
0.591608
0.591031
0.590792
0.590630
0.590254
0.590678
0.590309
0.590781
0.590075
0.589847
0.590084
0.590765
0.590911
0.590618
0.590747
0.590952
0.590460
0.590083
0.589681
0.589307
0.589996
0.589996
0.589463
0.589734
0.590191
0.589548
0.589824
0.591024
0.591470
0.591437
0.591103
0.591872
0.591724
0.590390
0.590034
0.589202
0.588410
0.588551
0.589483
0.590004
0.590734
0.591361
0.591845
0.591892
0.591650
0.591372
0.590906
0.591639
0.591477
0.591348
0.591161
0.591413
0.590629
0.591054
0.590001
0.589914
0.590237
0.590580
0.591113
0.591156
0.590716
0.590041
0.590055
0.589487
0.588373
0.588457
0.588776
0.588408
0.589045
0.589327
0.589498
0.589977
0.590212
0.590360
0.590103
0.590102
0.590653
0.591824
0.591893
0.592374
0.592016
0.592334
0.592262
0.592501
0.591723
0.591348
0.591492
0.590942
0.590540
0.590422
0.591324
0.591528
0.592257
0.591838
0.591602
0.591671
0.591214
0.591178
0.590775
0.591920
0.591824
0.592583
0.592517
0.592177
0.592447
0.592652
0.593202
0.592346
0.592612
0.592917
0.593225
0.593090
0.592185
0.592043
0.592652
0.592124
0.592156
0.591846
0.591989
0.592571
0.592223
0.592557
0.592736
0.592554
0.593665
0.593019
0.592643
0.592225
0.593071
0.593289
0.593451
0.594607
0.594731
0.594449
0.593650
0.593623
0.593615
0.593663
0.593438
0.593321
0.592878
0.591860
0.592014
0.592068
0.591689
0.592390
0.591401
0.592452
0.592232
0.592513
0.593497
0.592254
0.591817
0.591790
0.592211
0.593209
0.593323
0.593561
0.594164
0.593878
0.593671
0.593901
0.593681
0.593762
0.593307
0.592754
0.593009
0.593407
0.592853
0.593419
0.593131
0.592983
0.593670
0.593272
0.593763
0.593099
0.592819
0.592916
0.592240
0.591915
0.592395
0.592896
0.593116
0.593166
0.591907
0.591912
0.590525
0.590829
0.591435
0.591208
0.591476
0.592002
0.591909
0.592416
0.593156
0.593535
0.594341
0.594028
0.594278
0.594104
0.594772
0.593552
0.594096
0.594753
0.594508
0.594592
0.594898
0.594669
0.594781
0.595235
0.595755
0.595888
0.595288
0.595556
0.595524
0.594736
0.594663
0.594664
0.594817
0.594727
0.594224
0.594480
0.594322
0.595103
0.594784
0.594991
0.594294
0.593559
0.594098
0.593421
0.593319
0.592717
0.592284
0.592736
0.591539
0.591322
0.591767
0.592309
0.593402
0.592611
0.592278
0.592462
0.592497
0.592668
0.592716
0.593126
0.593004
0.593386
0.593981
0.594182
0.594170
0.594019
0.594226
0.594101
0.593805
0.593716
0.593450
0.593103
0.593774
0.593586
0.592903
0.593433
0.593996
0.593987
0.592842
0.593196
0.592883
0.593159
0.593530
0.592973
0.593070
0.593091
0.592539
0.591960
0.592416
0.592060
0.592837
0.593118
0.593208
0.592670
0.592857
0.593797
0.594121
0.594093
0.594029
0.594411
0.594698
0.595558
0.595203
0.595733
0.594810
0.594436
0.593515
0.592555
0.592648
0.592773
0.592920
0.593435
0.593006
0.593514
0.593844
0.594000
0.593585
0.594811
0.594779
0.594542
0.594441
0.593463
0.592471
0.592131
0.592223
0.591460
0.591368
0.590892
0.592007
0.591961
0.592285
0.591858
0.592338
0.592759
0.593133
0.593375
0.593907
0.593797
0.594459
0.593502
0.593374
0.593090
0.593145
0.593338
0.592979
0.592920
0.593139
0.593943
0.593719
0.593246
0.592405
0.593081
0.593372
0.593232
0.593327
0.593388
0.592577
0.592636
0.591727
0.593076
0.593596
0.593784
0.593424
0.594088
0.594197
0.593384
0.593049
0.592799
0.593334
0.592663
0.592352
0.592253
0.592151
0.591833
0.591928
0.591176
0.591739
0.591710
0.591376
0.591320
0.591480
0.590830
0.591520
0.592125
0.591731
0.592999
0.593322
0.592789
0.592934
0.592630
0.592309
0.592321
0.591885
0.592546
0.592361
0.592286
0.592801
0.592887
0.593317
0.592917
0.593521
0.593135
0.593415
0.593466
0.592530
0.592094
0.591892
0.591754
0.590676
0.591436
0.591378
0.591845
0.591490
0.590641
0.590624
0.589992
0.589236
0.590199
0.590614
0.590764
0.590664
0.590734
0.590284
0.590083
0.590054
0.590258
0.590476
0.590903
0.590111
0.589911
0.590467
0.590615
0.590589
0.591369
0.593177
0.593462
0.592842
0.591973
0.591833
0.591825
0.591570
0.591840
0.591595
0.591762
0.591149
0.590889
0.590730
0.591226
0.591970
0.592004
0.592886
0.592795
0.592269
0.591842
0.591941
0.592221
0.592346
0.592745
0.591945
0.592601
0.592754
0.592850
0.593714
0.593345
0.592926
0.592873
0.593420
0.593203
0.593071
0.593355
0.592631
0.592182
0.592461
0.592541
0.592418
0.592011
0.592157
0.591650
0.592263
0.592582
0.592080
0.592594
0.592312
0.592913
0.593217
0.592892
0.592500
0.591925
0.592129
0.592455
0.592188
0.590950
0.590824
0.591481
0.591085
0.590599
0.590325
0.590948
0.591185
0.590334
0.590479
0.590433
0.590306
0.590443
0.590957
0.590667
0.590960
0.591089
0.590486
0.589715
0.589154
0.589330
0.589258
0.589079
0.589925
0.589241
0.589804
0.590471
0.590674
0.590628
0.591260
0.592057
0.591496
0.591342
0.591177
0.590882
0.590820
0.591359
0.592043
0.591297
0.591405
0.590774
0.591457
0.592396
0.592165
0.592349
0.593484
0.593340
0.593224
0.592344
0.592374
0.593442
0.592536
0.592481
0.592228
0.593005
0.593185
0.592661
0.592965
0.593172
0.593156
0.594296
0.594188
0.593888
0.593125
0.593326
0.593372
0.592882
0.593049
0.591917
0.591966
0.592534
0.591678
0.591524
0.591191
0.590940
0.591794
0.591986
0.592120
0.592145
0.591586
0.591823
0.591955
0.592208
0.592718
0.592303
0.591829
0.591769
0.591867
0.591137
0.590976
0.589497
0.589683
0.589827
0.589471
0.589559
0.589818
0.589512
0.589100
0.589318
0.588841
0.589288
0.589847
0.590122
0.590248
0.590300
0.589394
0.589525
0.589614
0.589860
0.590357
0.590489
0.589835
0.590067
0.589657
0.589411
0.589321
0.589460
0.589697
0.589553
0.588336
0.588327
0.588676
0.588722
0.589066
0.589124
0.588790
0.588301
0.588803
0.588316
0.588610
0.588689
0.588647
0.588988
0.590149
0.589847
0.590211
0.589534
0.590224
0.589274
0.588780
0.589818
0.590063
0.590721
0.590843
0.591324
0.591610
0.592009
0.592599
0.592631
0.592618
0.592702
0.592414
0.591982
0.591971
0.591637
0.591778
0.591950
0.591689
0.591824
0.591804
0.592511
0.592016
0.591951
0.592186
0.593028
0.593532
0.593779
0.594074
0.593759
0.594268
0.594183
0.594765
0.594579
0.594910
0.593882
0.593121
0.593010
0.592869
0.592616
0.592146
0.592695
0.592418
0.593226
0.593939
0.593793
0.593965
0.593854
0.594180
0.594071
0.593389
0.593785
0.593773
0.593033
0.592318
0.592275
0.592471
0.592050
0.591426
0.591260
0.592084
0.591930
0.592203
0.591979
0.591756
0.591725
0.592083
0.591503
0.591705
0.592764
0.592464
0.592206
0.591931
0.591565
0.591315
0.591426
0.591647
0.591490
0.591515
0.591525
0.591626
0.591738
0.592229
0.592510
0.592298
0.592740
0.592845
0.592541
0.592792
0.592118
0.591411
0.592108
0.592698
0.592213
0.592176
0.591601
0.591945
0.592146
0.591748
0.591373
0.591826
0.592002
0.591836
0.592163
0.592120
0.591890
0.591339
0.590945
0.590183
0.590463
0.590732
0.590731
0.590747
0.591117
0.591116
0.590995
0.590772
0.591067
0.591521
0.591462
0.591529
0.592024
0.591938
0.590967
0.591978
0.592095
0.592688
0.592843
0.592371
0.591758
0.592165
0.592700
0.593098
0.593252
0.592137
0.591859
0.591248
0.591392
0.591722
0.591848
0.592018
0.592304
0.591866
0.591828
0.591136
0.591780
0.591471
0.591769
0.592540
0.591532
0.591398
0.591461
0.591759
0.592094
0.592133
0.591331
0.590126
0.590331
0.591097
0.590588
0.590098
0.589484
0.589045
0.588549
0.588552
0.588072
0.588048
0.587969
0.588985
0.590205
0.589863
0.590142
0.590930
0.590689
0.590787
0.591524
0.591120
0.590779
0.591012
0.590408
0.590466
0.590628
0.589826
0.591035
0.590642
0.591232
0.591181
0.590546
0.590632
0.590036
0.590583
0.590727
0.591655
0.591144
0.591181
0.591494
0.591106
0.591603
0.591723
0.592977
0.592605
0.592802
0.592616
0.592682
0.592848
0.593584
0.593825
0.593911
0.594208
0.593699
0.592906
0.592594
0.591945
0.591626
0.590902
0.591439
0.591105
0.590787
0.590488
0.589893
0.589792
0.589788
0.590090
0.590149
0.589103
0.589157
0.590430
0.591508
0.592593
0.592194
0.591327
0.591250
0.590660
0.590625
0.590280
0.590497
0.590436
0.590933
0.590314
0.590196
0.590906
0.590143
0.590744
0.589904
0.590418
0.590816
0.591230
0.591115
0.591167
0.590993
0.590998
0.590908
0.590920
0.590801
0.590546
0.590458
0.590848
0.590673
0.591122
0.591283
0.591416
0.590673
0.591611
0.591204
0.591214
0.591297
0.591622
0.591337
0.590255
0.590431
0.590964
0.591170
0.592035
0.592450
0.592711
0.592739
0.593074
0.592674
0.592297
0.591908
0.591652
0.591868
0.592198
0.592717
0.593043
0.593436
0.593970
0.594585
0.594388
0.594230
0.593840
0.594024
0.593458
0.593359
0.592947
0.593837
0.594314
0.594102
0.593847
0.594738
0.594611
0.594948
0.593791
0.593933
0.593448
0.593226
0.592572
0.592212
0.592564
0.592511
0.592112
0.592103
0.591549
0.592308
0.591865
0.592092
0.592434
0.592443
0.592786
0.593032
0.593591
0.593353
0.593386
0.592679
0.592776
0.592017
0.592214
0.592098
0.592039
0.591801
0.591683
0.591971
0.591603
0.591604
0.591573
0.592035
0.592007
0.591826
0.591757
0.592155
0.592096
0.592250
0.591965
0.592766
0.593247
0.593396
0.592877
0.593204
0.593955
0.593592
0.593805
0.593460
0.593850
0.593906
0.593579
0.593658
0.593598
0.593037
0.592289
0.592640
0.592758
0.592889
0.592650
0.592848
0.593773
0.594510
0.595034
0.594939
0.594719
0.594872
0.594261
0.594939
0.594747
0.594213
0.594382
0.593434
0.593154
0.593527
0.594273
0.593780
0.593413
0.593966
0.593951
0.594048
0.593214
0.592741
0.592495
0.592717
0.592337
0.592803
0.592886
0.591969
0.592578
0.593061
0.593738
0.593367
0.594026
0.593618
0.593494
0.593756
0.593317
0.593773
0.593760
0.593614
0.593697
0.593988
0.593687
0.594226
0.594631
0.594433
0.594575
0.594133
0.593988
0.594121
0.594136
0.594012
0.593680
0.592946
0.593354
0.593026
0.592923
0.593800
0.593470
0.593532
0.592961
0.591942
0.591673
0.591805
0.592043
0.592150
0.592676
0.592734
0.591960
0.592875
0.592686
0.592683
0.593181
0.593417
0.593483
0.593160
0.592740
0.592519
0.592256
0.592139
0.591439
0.591383
0.591826
0.592396
0.592946
0.593636
0.593771
0.593841
0.593418
0.592538
0.592951
0.593274
0.593700
0.594892
0.594430
0.594531
0.594389
0.594362
0.594049
0.593808
0.594585
0.593392
0.592327
0.591981
0.592529
0.593027
0.593364
0.593154
0.592458
0.592005
0.592792
0.592828
0.592783
0.593486
0.593492
0.593733
0.593456
0.593349
0.593451
0.593579
0.593232
0.593390
0.593895
0.593477
0.592972
0.593259
0.593254
0.593074
0.592825
0.593089
0.592956
0.593403
0.592207
0.593183
0.593527
0.593248
0.593108
0.593397
0.594491
0.593753
0.593647
0.593328
0.594091
0.593848
0.593722
0.593364
0.593424
0.593245
0.593439
0.593708
0.593140
0.593195
0.592623
0.593361
0.593832
0.594073
0.594600
0.594218
0.594418
0.594237
0.594026
0.593931
0.594496
0.594683
0.594678
0.594119
0.593811
0.593823
0.594050
0.593541
0.593488
0.594439
0.594419
0.594494
0.594125
0.593468
0.594112
0.594431
0.594160
0.594091
0.593670
0.594131
0.593961
0.593085
0.593054
0.593016
0.592749
0.593638
0.594159
0.594490
0.593982
0.593409
0.594323
0.594373
0.594156
0.593667
0.593147
0.592169
0.592743
0.592780
0.592610
0.592195
0.592154
0.592188
0.592255
0.591730
0.592100
0.592174
0.591459
0.591433
0.590907
0.591638
0.591868
0.592496
0.592191
0.592035
0.592696
0.592368
0.593531
0.593400
0.593524
0.593278
0.592886
0.593297
0.593389
0.593342
0.592835
0.592040
0.591492
0.592184
0.592688
0.592402
0.592045
0.592018
0.592428
0.592410
0.592176
0.591834
0.592517
0.592282
0.592091
0.591516
0.591730
0.591347
0.591979
0.592796
0.593547
0.593656
0.594007
0.593755
0.594017
0.593882
0.593853
0.593012
0.592973
0.591801
0.591877
0.590996
0.590953
0.591398
0.591125
0.591657
0.591251
0.590792
0.590453
0.591058
0.590586
0.590917
0.590863
0.591195
0.592487
0.592729
0.593309
0.592847
0.593053
0.593111
0.593480
0.593237
0.593413
0.592654
0.592034
0.591845
0.592313
0.592705
0.593082
0.593563
0.594613
0.594848
0.594306
0.593359
0.592358
0.592437
0.592088
0.592247
0.592400
0.593018
0.593020
0.592636
0.592175
0.592010
0.592058
0.590904
0.590894
0.590956
0.590764
0.590208
0.590583
0.590495
0.590503
0.591002
0.591462
0.591068
0.590002
0.591125
0.591646
0.590821
0.590344
0.590859
0.590510
0.591497
0.591659
0.591901
0.591981
0.591827
0.591995
0.591879
0.592357
0.591345
0.591308
0.591075
0.591361
0.591446
0.590758
0.590590
0.590534
0.590801
0.591193
0.590422
0.590208
0.589945
0.589933
0.589741
0.589566
0.589898
0.589019
0.589290
0.590065
0.590230
0.589851
0.589574
0.589752
0.589771
0.590227
0.589962
0.590804
0.590776
0.590729
0.590823
0.590409
0.590487
0.590448
0.589743
0.590076
0.589125
0.588562
0.588894
0.589557
0.589596
0.589950
0.589764
0.589516
0.589078
0.590065
0.590028
0.589617
0.589643
0.588885
0.588507
0.588516
0.588837
0.589593
0.589466
0.589655
0.589159
0.590067
0.589601
0.590109
0.591395
0.591075
0.590512
0.590661
0.590182
0.590170
0.590313
0.590332
0.591134
0.591181
0.591480
0.591775
0.591887
0.592302
0.591608
0.590902
0.591161
0.590876
0.591027
0.589964
0.589665
0.590463
0.590742
0.591258
0.591726
0.591857
0.592159
0.592171
0.593286
0.592868
0.592262
0.592023
0.592165
0.592920
0.591842
0.592222
0.592265
0.592231
0.593123
0.593713
0.593446
0.592986
0.593332
0.592980
0.592149
0.592007
0.592379
0.592118
0.591613
0.591420
0.590975
0.591342
0.591681
0.592237
0.592576
0.592937
0.593259
0.592969
0.592402
0.591959
0.592118
0.592046
0.591561
0.590924
0.591009
0.591143
0.590321
0.591468
0.591772
0.591327
0.590645
0.590644
0.590702
0.591035
0.591166
0.591395
0.591772
0.592041
0.591832
0.591353
0.591129
0.590908
0.591319
0.591606
0.591001
0.591564
0.591366
0.591304
0.591378
0.592142
0.591849
0.592204
0.591851
0.592765
0.592562
0.591924
0.592030
0.592796
0.592775
0.592690
0.592247
0.592901
0.592161
0.592330
0.591232
0.590902
0.590464
0.590731
0.591408
0.591396
0.591601
0.591901
0.592516
0.592589
0.592781
0.592627
0.592767
0.592377
0.592675
0.592353
0.592911
0.592913
0.593120
0.592968
0.592294
0.592588
0.591758
0.590956
0.591406
0.591635
0.591829
0.592032
0.591546
0.592594
0.592835
0.593538
0.593964
0.593937
0.593421
0.592488
0.592477
0.592875
0.592548
0.592606
0.592118
0.592719
0.592521
0.592045
0.591340
0.590675
0.590886
0.590653
0.590841
0.590402
0.590745
0.590039
0.591574
0.591580
0.591623
0.591477
0.590983
0.590602
0.590479
0.590363
0.590217
0.590905
0.591271
0.591086
0.590548
0.589906
0.589833
0.589303
0.589022
0.589891
0.588969
0.588859
0.588943
0.589030
0.589256
0.589340
0.589641
0.589999
0.588972
0.589597
0.589728
0.590014
0.589795
0.588950
0.589466
0.588869
0.588514
0.589187
0.588682
0.589006
0.588555
0.588467
0.588552
0.588501
0.588589
0.588279
0.588165
0.588434
0.588782
0.588170
0.588281
0.588195
0.587780
0.587849
0.587289
0.587681
0.587734
0.588042
0.588770
0.588671
0.588369
0.588731
0.588634
0.588918
0.589180
0.588469
0.587722
0.587793
0.587970
0.587434
0.586557
0.586111
0.585199
0.586069
0.585986
0.585497
0.585797
0.586120
0.586048
0.585748
0.586404
0.587144
0.586506
0.587045
0.586849
0.586638
0.586247
0.586170
0.585796
0.585467
0.585567
0.585559
0.585548
0.584889
0.586227
0.586454
0.585712
0.586150
0.586859
0.586758
0.587259
0.587234
0.587666
0.588616
0.588256
0.588672
0.588955
0.588919
0.588182
0.587673
0.587440
0.588672
0.588377
0.589096
0.588814
0.589424
0.589533
0.590376
0.590822
0.590569
0.590541
0.591121
0.590890
0.591627
0.591984
0.592040
0.591322
0.591211
0.591379
0.591733
0.591089
0.590920
0.590945
0.590474
0.590632
0.589716
0.589589
0.589022
0.588872
0.588387
0.588356
0.588011
0.588005
0.588915
0.588391
0.587625
0.586991
0.586507
0.586539
0.586718
0.587063
0.586775
0.587094
0.586808
0.586821
0.587010
0.586978
0.588050
0.589667
0.589414
0.589892
0.589996
0.589840
0.590444
0.590699
0.591067
0.591092
0.591225
0.590678
0.591106
0.591539
0.591203
0.591357
0.592105
0.592014
0.591913
0.592032
0.591104
0.591280
0.591056
0.591069
0.591380
0.590852
0.591006
0.590833
0.590197
0.590490
0.590308
0.590289
0.589957
0.589732
0.590571
0.590430
0.590630
0.590053
0.590289
0.591119
0.590224
0.589664
0.589528
0.589089
0.589479
0.589639
0.590092
0.589575
0.589188
0.589277
0.589630
0.589529
0.589008
0.589631
0.589369
0.588899
0.588690
0.588040
0.588190
0.587696
0.588199
0.588258
0.587930
0.587752
0.587041
0.587328
0.587392
0.587602
0.587842
0.588127
0.587561
0.588243
0.588139
0.588029
0.588091
0.587780
0.587837
0.587091
0.587407
0.587181
0.586732
0.586834
0.587085
0.587533
0.587502
0.587718
0.588337
0.588674
0.588266
0.588458
0.588081
0.588511
0.588539
0.588036
0.588068
0.587866
0.586822
0.586793
0.586908
0.586742
0.586686
0.586558
0.585478
0.586073
0.585499
0.585464
0.585882
0.585747
0.585956
0.586120
0.586343
0.586712
0.587038
0.587223
0.586835
0.587363
0.587475
0.587784
0.588224
0.587833
0.586643
0.586835
0.587445
0.586302
0.586515
0.586326
0.586672
0.586541
0.586771
0.586722
0.586474
0.586892
0.587133
0.587350
0.587506
0.587700
0.587110
0.588240
0.588214
0.587885
0.587639
0.587996
0.587793
0.588039
0.588190
0.588055
0.587779
0.586887
0.587202
0.587525
0.587690
0.588076
0.588558
0.588414
0.588119
0.587643
0.587845
0.588302
0.588763
0.589113
0.588573
0.587520
0.587720
0.587842
0.587437
0.588068
0.587557
0.587813
0.587206
0.587987
0.587295
0.587599
0.588067
0.588053
0.587914
0.587580
0.587049
0.587849
0.587910
0.587696
0.587602
0.587122
0.586343
0.586857
0.587251
0.587939
0.588784
0.588631
0.588564
0.588892
0.589045
0.589164
0.589519
0.589754
0.589484
0.590313
0.589891
0.590178
0.589906
0.590394
0.591146
0.590894
0.591010
0.591471
0.591801
0.592251
0.592362
0.592287
0.592003
0.591887
0.592331
0.593033
0.592896
0.592239
0.592124
0.591721
0.592134
0.591618
0.592048
0.592468
0.592658
0.593016
0.593293
0.593098
0.592153
0.591609
0.591741
0.591620
0.591751
0.591415
0.591431
0.591579
0.591989
0.592863
0.591654
0.591829
0.591404
0.591512
0.591671
0.592530
0.592599
0.592447
0.592309
0.593605
0.593623
0.594396
0.594582
0.593919
0.593606
0.594209
0.594078
0.594422
0.594428
0.593948
0.593609
0.593093
0.592740
0.593099
0.592654
0.592443
0.593010
0.593097
0.592651
0.592880
0.592853
0.593954
0.593577
0.593446
0.593230
0.593591
0.594445
0.594974
0.594548
0.594601
0.594882
0.595015
0.594844
0.595764
0.595674
0.595443
0.594837
0.594908
0.594994
0.595044
0.595442
0.595157
0.595407
0.595951
0.596199
0.596402
0.596475
0.596342
0.596569
0.597137
0.597298
0.597098
0.597051
0.596878
0.596475
0.596613
0.596943
0.596354
0.595018
0.594652
0.594706
0.594656
0.594905
0.594565
0.594631
0.594773
0.594368
0.593927
0.593306
0.593463
0.593660
0.592945
0.593351
0.593786
0.593463
0.593895
0.594193
0.594229
0.593732
0.594455
0.594093
0.594218
0.594226
0.594447
0.593964
0.594325
0.594441
0.594476
0.594436
0.594683
0.594681
0.594652
0.594757
0.594329
0.594232
0.593889
0.593978
0.593748
0.593189
0.593220
0.592853
0.592817
0.592663
0.592556
0.592729
0.593471
0.593495
0.593825
0.593519
0.593460
0.593887
0.593771
0.593363
0.593443
0.592970
0.593733
0.593091
0.592588
0.592806
0.593359
0.593756
0.593650
0.593536
0.593308
0.593066
0.592864
0.591982
0.591557
0.592054
0.592582
0.592840
0.592686
0.593116
0.593234
0.592725
0.592712
0.592767
0.592736
0.592446
0.592788
0.592879
0.592885
0.593833
0.593147
0.594058
0.593599
0.593192
0.593340
0.593061
0.592866
0.592988
0.592451
0.592090
0.592631
0.592639
0.592588
0.592320
0.592528
0.593768
0.594084
0.594928
0.595130
0.593977
0.594493
0.595396
0.595174
0.595471
0.595250
0.595195
0.594272
0.594958
0.594880
0.595027
0.595596
0.594487
0.594911
0.595343
0.594929
0.595227
0.595398
0.596017
0.596127
0.595622
0.595920
0.596170
0.594990
0.594757
0.594646
0.594653
0.594088
0.594523
0.594725
0.594313
0.594627
0.595752
0.596390
0.595481
0.595958
0.595306
0.595393
0.595039
0.594730
0.594675
0.594658
0.594654
0.595213
0.595164
0.594295
0.594024
0.593385
0.593240
0.593922
0.593888
0.594422
0.594364
0.594485
0.593958
0.594412
0.594674
0.594367
0.593986
0.593626
0.593016
0.592910
0.593158
0.593698
0.594285
0.594916
0.594724
0.594435
0.594396
0.594270
0.593702
0.594632
0.593876
0.592464
0.592736
0.592896
0.591742
0.591006
0.591933
0.591868
0.592389
0.592386
0.591677
0.591311
0.591200
0.591474
0.591767
0.591660
0.591757
0.591560
0.591372
0.591538
0.591899
0.590798
0.590904
0.590925
0.591009
0.591915
0.592282
0.591878
0.591570
0.592319
0.592411
0.592445
0.592630
0.592224
0.591489
0.591472
0.591642
0.591698
0.592447
0.591646
0.591482
0.591384
0.591293
0.591893
0.591943
0.592299
0.591963
0.591934
0.591697
0.591486
0.591135
0.591161
0.590379
0.591048
0.590799
0.590218
0.590305
0.589612
0.589991
0.591175
0.590448
0.590629
0.590518
0.590710
0.590938
0.590302
0.591189
0.591831
0.592469
0.591903
0.591710
0.592381
0.592736
0.592696
0.591518
0.591280
0.591691
0.591995
0.590916
0.591807
0.591550
0.591927
0.592388
0.592696
0.592829
0.592632
0.593740
0.593289
0.592815
0.592633
0.592525
0.592449
0.592820
0.592416
0.592651
0.592575
0.592361
0.592806
0.592476
0.592629
0.592656
0.593175
0.592559
0.592727
0.592228
0.592277
0.592950
0.593701
0.593528
0.592965
0.592763
0.592746
0.592987
0.592806
0.593097
0.593426
0.594014
0.594046
0.593707
0.593589
0.592557
0.592833
0.592840
0.592678
0.592964
0.593703
0.593614
0.593524
0.593797
0.593345
0.593525
0.593852
0.593546
0.593814
0.594520
0.593757
0.593384
0.593024
0.592545
0.592650
0.592185
0.592869
0.592827
0.592551
0.592655
0.593177
0.592928
0.594000
0.593937
0.593712
0.594592
0.595053
0.595007
0.595156
0.595013
0.595180
0.594805
0.595064
0.594937
0.594466
0.593726
0.593289
0.593099
0.592857
0.593103
0.592811
0.592115
0.592420
0.592877
0.592876
0.593344
0.592354
0.591854
0.592962
0.593086
0.592767
0.592871
0.592523
0.592999
0.592462
0.592923
0.592209
0.592839
0.592897
0.593843
0.594303
0.593573
0.594194
0.595217
0.595990
0.595605
0.596314
0.596344
0.595042
0.594712
0.594267
0.593964
0.594238
0.594408
0.594351
0.594388
0.595744
0.595143
0.594500
0.594239
0.594201
0.594638
0.594945
0.595192
0.594889
0.594730
0.594763
0.595079
0.595129
0.596562
0.596321
0.595964
0.595692
0.595211
0.594853
0.595582
0.596165
0.596093
0.595805
0.594768
0.593817
0.593397
0.592804
0.592589
0.593109
0.593596
0.594015
0.594163
0.593823
0.594190
0.594248
0.593734
0.594714
0.594597
0.594397
0.594767
0.594749
0.593721
0.593513
0.593694
0.594162
0.594509
0.594646
0.594087
0.593833
0.594777
0.594583
0.593956
0.593243
0.592879
0.592720
0.593314
0.593675
0.593393
0.593522
0.593349
0.592452
0.592048
0.591610
0.591637
0.592054
0.591751
0.592076
0.591739
0.592163
0.592215
0.593162
0.592969
0.593194
0.592943
0.592711
0.592694
0.592795
0.592044
0.592081
0.592430
0.592646
0.592295
0.592600
0.592181
0.592712
0.592389
0.592950
0.592770
0.592955
0.592272
0.592273
0.592246
0.591640
0.591456
0.590814
0.590534
0.590730
0.591379
0.591066
0.591148
0.591870
0.592056
0.592163
0.592043
0.592308
0.591884
0.592344
0.592312
0.592367
0.592277
0.592293
0.592154
0.592564
0.592785
0.592717
0.592540
0.593061
0.592266
0.592142
0.591808
0.592309
0.592920
0.593053
0.593476
0.593829
0.593841
0.593741
0.592961
0.593251
0.592310
0.592157
0.591691
0.591210
0.589541
0.589919
0.590419
0.590315
0.590312
0.591300
0.591276
0.591425
0.590957
0.591043
0.591210
0.590986
0.590440
0.589824
0.589888
0.589810
0.589989
0.591138
0.591734
0.591532
0.592806
0.592329
0.592109
0.591521
0.591710
0.592217
0.593074
0.593040
0.592310
0.592758
0.592326
0.591283
0.590979
0.590806
0.591032
0.590812
0.591345
0.591229
0.591636
0.591412
0.590735
0.591193
0.590756
0.590793
0.591049
0.591737
0.592032
0.591832
0.592016
0.591624
0.591620
0.592096
0.591681
0.591071
0.591935
0.592215
0.592476
0.591798
0.591576
0.590712
0.590669
0.591087
0.591049
0.592068
0.591733
0.591105
0.590685
0.590488
0.590690
0.590660
0.590895
0.591121
0.590749
0.590977
0.591642
0.591633
0.591616
0.592028
0.591600
0.591433
0.591465
0.590640
0.591387
0.591146
0.590821
0.590827
0.590928
0.591521
0.591376
0.591211
0.591740
0.592305
0.592306
0.591860
0.591667
0.590899
0.590885
0.590848
0.590541
0.590860
0.591833
0.591885
0.592141
0.591536
0.591469
0.591015
0.591370
0.591109
0.590931
0.591015
0.592074
0.591504
0.592069
0.591864
0.592017
0.591248
0.591116
0.591852
0.591932
0.591954
0.590904
0.590877
0.591359
0.591399
0.591225
0.590416
0.589840
0.589016
0.589815
0.590143
0.590797
0.591124
0.591511
0.592418
0.593501
0.593506
0.592929
0.592209
0.592460
0.592535
0.592209
0.591520
0.591317
0.591446
0.591854
0.591164
0.590674
0.590785
0.591458
0.591071
0.591137
0.591828
0.591957
0.591441
0.590795
0.590957
0.590677
0.590719
0.590494
0.590953
0.590896
0.590978
0.591030
0.590605
0.591145
0.591403
0.591854
0.592047
0.591716
0.591418
0.591622
0.591496
0.590996
0.590572
0.590826
0.590797
0.590294
0.589729
0.589750
0.590098
0.590181
0.590338
0.590255
0.590147
0.590878
0.591511
0.592259
0.592452
0.592583
0.592481
0.592980
0.593372
0.594315
0.594575
0.594597
0.595300
0.595164
0.594681
0.594730
0.594476
0.593506
0.592974
0.593180
0.592966
0.593148
0.592527
0.593121
0.593370
0.593402
0.593581
0.593267
0.593457
0.593027
0.592552
0.593065
0.592568
0.592583
0.592342
0.592967
0.592842
0.592356
0.592361
0.593727
0.593481
0.593326
0.593245
0.593675
0.593522
0.593246
0.593127
0.592569
0.593101
0.592501
0.592289
0.592894
0.593034
0.593098
0.592568
0.592319
0.592017
0.592393
0.592068
0.592848
0.593567
0.593643
0.594370
0.593986
0.593606
0.593530
0.592688
0.592659
0.592069
0.591242
0.592278
0.593234
0.593054
0.593097
0.592987
0.592029
0.591549
0.591865
0.591918
0.592315
0.592046
0.592281
0.591699
0.592271
0.592824
0.593016
0.592875
0.592689
0.592772
0.592782
0.593326
0.593801
0.593934
0.594146
0.594581
0.594323
0.594224
0.594736
0.594525
0.593616
0.592463
0.592488
0.591427
0.591313
0.590894
0.590915
0.591127
0.590685
0.590740
0.590742
0.590287
0.591002
0.591009
0.591060
0.590611
0.590891
0.590509
0.590685
0.590803
0.590471
0.590432
0.590800
0.590546
0.590641
0.590297
0.591570
0.592145
0.591486
0.590927
0.590415
0.590596
0.590922
0.590926
0.591316
0.591336
0.590678
0.590998
0.591378
0.591670
0.591643
0.591428
0.592112
0.591683
0.591661
0.591782
0.591987
0.592059
0.592363
0.592923
0.593301
0.591991
0.592080
0.592144
0.592349
0.592166
0.591637
0.591622
0.592076
0.592070
0.591504
0.592019
0.591873
0.591542
0.591424
0.591841
0.591341
0.591142
0.590699
0.591703
0.591366
0.591613
0.591298
0.591423
0.590888
0.590773
0.590578
0.591332
0.590820
0.591040
0.592001
0.592210
0.592728
0.592599
0.592795
0.592464
0.592494
0.593020
0.593282
0.593366
0.592872
0.593639
0.593894
0.594503
0.594974
0.595186
0.595225
0.593748
0.593253
0.592642
0.592091
0.593023
0.593110
0.593149
0.592827
0.592573
0.592279
0.592145
0.591594
0.592068
0.591571
0.591478
0.591504
0.592119
0.592231
0.592471
0.592351
0.592610
0.593008
0.593005
0.593875
0.593800
0.593362
0.593565
0.592915
0.592438
0.592229
0.592759
0.592894
0.593586
0.593723
0.594051
0.593709
0.593271
0.593209
0.593458
0.593600
0.594039
0.594493
0.594529
0.594883
0.594944
0.594809
0.595157
0.594919
0.594802
0.594251
0.593434
0.593093
0.593393
0.594339
0.594108
0.593896
0.593574
0.593794
0.593441
0.594029
0.594242
0.594454
0.593811
0.593639
0.593551
0.593466
0.594684
0.594933
0.594776
0.595007
0.594616
0.594975
0.594516
0.594575
0.595175
0.594858
0.594465
0.594753
0.594606
0.595023
0.595216
0.595069
0.595193
0.595662
0.595748
0.595961
0.595714
0.595807
0.595430
0.595138
0.596155
0.596556
0.596080
0.596035
0.596538
0.596858
0.596792
0.596479
0.595972
0.595172
0.596112
0.595704
0.595279
0.594847
0.595199
0.597028
0.596939
0.597136
0.596698
0.596453
0.597091
0.597216
0.596578
0.596174
0.596010
0.595786
0.595886
0.596982
0.596581
0.596079
0.595812
0.594772
0.594090
0.593805
0.593958
0.593602
0.593943
0.594254
0.594283
0.594966
0.595233
0.596296
0.595778
0.595522
0.595271
0.595012
0.594628
0.594752
0.594889
0.594743
0.595527
0.596125
0.596129
0.596014
0.595790
0.595708
0.595181
0.595398
0.595553
0.594712
0.595318
0.595630
0.595933
0.596143
0.596264
0.596443
0.595954
0.596092
0.596123
0.596058
0.595439
0.595640
0.595686
0.595940
0.595537
0.595400
0.595528
0.595417
0.594855
0.595280
0.594067
0.594135
0.594307
0.595111
0.595179
0.595394
0.594707
0.594368
0.594103
0.594209
0.593292
0.592559
0.593274
0.593818
0.593875
0.594466
0.594245
0.594283
0.594458
0.594563
0.594950
0.594622
0.594629
0.595168
0.595088
0.594447
0.595201
0.595608
0.595341
0.595191
0.595205
0.595230
0.595214
0.594615
0.593741
0.593924
0.593415
0.593217
0.594032
0.594305
0.594164
0.594299
0.595542
0.595918
0.595783
0.595813
0.596266
0.595556
0.596545
0.597530
0.597371
0.597618
0.597100
0.596653
0.596436
0.596210
0.595854
0.595740
0.596534
0.596324
0.596067
0.597075
0.597059
0.596543
0.596586
0.596931
0.596364
0.596264
0.595393
0.595417
0.594624
0.594455
0.595814
0.595056
0.594859
0.594220
0.593175
0.592214
0.592820
0.592027
0.591784
0.591741
0.591766
0.591583
0.591555
0.591763
0.591804
0.591871
0.591349
0.591674
0.591270
0.591708
0.592516
0.592609
0.592953
0.593245
0.593488
0.593546
0.593586
0.593710
0.593810
0.592991
0.592518
0.592407
0.592571
0.592953
0.593230
0.592623
0.592562
0.592906
0.593481
0.592697
0.592642
0.592697
0.592841
0.592416
0.592505
0.593061
0.592838
0.592325
0.592123
0.592563
0.592305
0.592447
0.592749
0.592439
0.592008
0.592073
0.591569
0.591738
0.592463
0.592509
0.591640
0.591423
0.591920
0.592069
0.591821
0.592025
0.591940
0.591306
0.591483
0.591018
0.591829
0.591784
0.591380
0.591384
0.592031
0.592811
0.592632
0.592249
0.592837
0.592834
0.593291
0.593459
0.593518
0.593923
0.593365
0.593700
0.593111
0.592477
0.592499
0.592954
0.592529
0.592053
0.592065
0.592040
0.592344
0.592092
0.592283
0.592130
0.592615
0.592554
0.593325
0.593908
0.593054
0.593866
0.593489
0.593570
0.592891
0.593424
0.592827
0.592904
0.592694
0.592882
0.592619
0.593141
0.593099
0.592641
0.592237
0.592236
0.592043
0.591925
0.591703
0.591624
0.592015
0.591656
0.592001
0.593243
0.592656
0.592793
0.593104
0.593349
0.592961
0.592766
0.592491
0.592327
0.592173
0.592944
0.592856
0.592744
0.592836
0.592669
0.592748
0.593556
0.593551
0.593271
0.593199
0.592559
0.591839
0.592076
0.591759
0.592272
0.592850
0.593110
0.592861
0.592592
0.592889
0.592331
0.592405
0.592046
0.591525
0.591623
0.591377
0.591210
0.591094
0.590397
0.590646
0.590410
0.590042
0.589568
0.589267
0.589701
0.589763
0.589841
0.589756
0.589094
0.589184
0.589679
0.589318
0.589434
0.590355
0.590151
0.589280
0.589471
0.589317
0.589321
0.588973
0.589004
0.589296
0.588269
0.588572
0.588119
0.587913
0.588894
0.590454
0.589857
0.588865
0.588946
0.589315
0.588634
0.588337
0.588585
0.588268
0.588442
0.588551
0.588145
0.588291
0.588775
0.588077
0.587917
0.588151
0.588032
0.587542
0.588123
0.588413
0.588640
0.589448
0.589280
0.589474
0.589672
0.589949
0.589047
0.588904
0.589093
0.589267
0.589231
0.589380
0.589299
0.590554
0.590500
0.590342
0.589945
0.590431
0.591213
0.591177
0.591481
0.591629
0.592231
0.591505
0.591252
0.591540
0.591920
0.591607
0.591977
0.592113
0.591950
0.591871
0.591848
0.591441
0.591474
0.592158
0.592892
0.592668
0.592236
0.592169
0.592584
0.591818
0.591445
0.591661
0.591175
0.590910
0.590496
0.590839
0.590689
0.590857
0.590129
0.589818
0.589286
0.589430
0.589954
0.589747
0.590042
0.590253
0.591341
0.591929
0.592803
0.592202
0.592862
0.592562
0.592688
0.592354
0.592074
0.592054
0.592855
0.592154
0.592225
0.592479
0.592806
0.592998
0.593160
0.592637
0.592310
0.592210
0.592339
0.592005
0.592254
0.593011
0.593555
0.593616
0.593561
0.593746
0.592792
0.592077
0.592720
0.593443
0.593742
0.593636
0.593194
0.593561
0.593681
0.593754
0.594256
0.594297
0.593974
0.594243
0.594173
0.594394
0.594166
0.594830
0.596008
0.594585
0.595871
0.595739
0.596110
0.596209
0.595864
0.595981
0.596465
0.597514
0.597272
0.597362
0.596275
0.595439
0.595280
0.595161
0.595373
0.595880
0.596024
0.595727
0.596018
0.596132
0.595960
0.595938
0.595384
0.595271
0.595947
0.595883
0.596440
0.596041
0.596403
0.596180
0.595997
0.595638
0.595613
0.594993
0.594958
0.594733
0.594855
0.594351
0.594938
0.595107
0.594715
0.594427
0.594594
0.594855
0.594586
0.594875
0.595028
0.594571
0.594183
0.594199
0.594803
0.594262
0.594004
0.593686
0.593417
0.593699
0.593857
0.594025
0.594223
0.594187
0.594365
0.593558
0.593226
0.592844
0.592850
0.593658
0.593047
0.592953
0.593795
0.594494
0.593736
0.593701
0.593624
0.593535
0.593119
0.593169
0.593124
0.592328
0.592369
0.592166
0.592286
0.592663
0.592586
0.593855
0.593933
0.593933
0.593536
0.593808
0.593483
0.593899
0.593869
0.593775
0.593299
0.593129
0.593073
0.592725
0.592269
0.591759
0.592311
0.591982
0.592202
0.592140
0.592397
0.592499
0.592239
0.592061
0.591753
0.591847
0.591223
0.591544
0.591573
0.592365
0.592470
0.592564
0.592343
0.591927
0.591782
0.592655
0.593024
0.592879
0.592977
0.594281
0.593027
0.593097
0.592818
0.592304
0.591931
0.591826
0.591378
0.591786
0.591893
0.592260
0.591346
0.592080
0.592153
0.592104
0.592102
0.591681
0.591222
0.590960
0.591911
0.592107
0.592076
0.591723
0.591668
0.591697
0.591977
0.592573
0.592915
0.592544
0.592251
0.592053
0.591859
0.592242
0.591471
0.591129
0.591661
0.591226
0.591958
0.592960
0.593217
0.593125
0.592352
0.592054
0.591373
0.591435
0.591529
0.591363
0.591881
0.591935
0.591225
0.590885
0.590905
0.590712
0.590751
0.590635
0.590254
0.590788
0.591447
0.591779
0.591832
0.591333
0.591128
0.591515
0.590977
0.590050
0.589342
0.589759
0.589691
0.590119
0.591209
0.590798
0.591255
0.591005
0.591576
0.591950
0.591799
0.592043
0.591359
0.591442
0.591274
0.590112
0.590019
0.590680
0.589878
0.590162
0.589755
0.589641
0.590556
0.590730
0.590785
0.590068
0.591113
0.591391
0.591670
0.591043
0.590767
0.591236
0.590887
0.590206
0.590530
0.590627
0.591368
0.591057
0.590716
0.590962
0.590608
0.590545
0.590949
0.591058
0.590950
0.590809
0.590694
0.591478
0.591365
0.591599
0.592088
0.591669
0.591828
0.591580
0.591674
0.591808
0.592020
0.592024
0.592475
0.592450
0.592198
0.592981
0.593077
0.592271
0.591566
0.591043
0.591319
0.591305
0.592173
0.591777
0.591986
0.592039
0.592727
0.592228
0.591384
0.592150
0.591700
0.592057
0.592761
0.592869
0.592875
0.593198
0.594137
0.594760
0.594336
0.594507
0.594293
0.593991
0.593434
0.593236
0.592241
0.592249
0.592352
0.591417
0.591983
0.591561
0.591242
0.590801
0.591149
0.591096
0.590671
0.590446
0.591176
0.590973
0.591028
0.591229
0.591526
0.592585
0.592015
0.592849
0.592690
0.592211
0.591496
0.591841
0.591843
0.590631
0.591379
0.591556
0.590969
0.590903
0.591478
0.591542
0.591475
0.591525
0.591649
0.590834
0.590608
0.591449
0.591691
0.591413
0.591409
0.591656
0.592218
0.591581
0.591571
0.591219
0.591951
0.592892
0.592647
0.593061
0.592551
0.593338
0.592717
0.593246
0.593870
0.593833
0.592857
0.592701
0.592478
0.593055
0.593198
0.593245
0.593969
0.594986
0.595159
0.594758
0.594454
0.594885
0.594954
0.595630
0.596349
0.596539
0.596632
0.596789
0.596360
0.596602
0.596942
0.595945
0.595746
0.596019
0.596164
0.596627
0.596430
0.596435
0.596232
0.596197
0.596627
0.596863
0.596518
0.596437
0.596486
0.596670
0.596282
0.596041
0.596245
0.595753
0.596022
0.595650
0.595684
0.595374
0.594979
0.595192
0.594893
0.595561
0.595353
0.595202
0.594504
0.593985
0.592930
0.592562
0.592332
0.593151
0.592695
0.593219
0.593151
0.592853
0.591997
0.591771
0.592403
0.592004
0.592622
0.591737
0.591609
0.591476
0.591409
0.592173
0.592064
0.592786
0.592845
0.592907
0.593122
0.593540
0.593478
0.593173
0.593565
0.593411
0.593601
0.593803
0.592814
0.592374
0.592191
0.592093
0.592307
0.592401
0.592683
0.593191
0.593312
0.592413
0.591529
0.591546
0.592635
0.592860
0.592406
0.592161
0.592333
0.592027
0.591919
0.591639
0.591332
0.590974
0.590906
0.590763
0.590663
0.590642
0.590798
0.590603
0.591508
0.591529
0.591241
0.591999
0.591460
0.591323
0.591162
0.591675
0.592018
0.591447
0.591519
0.591881
0.592119
0.591875
0.591722
0.591752
0.591856
0.592166
0.592805
0.592994
0.593067
0.593552
0.593684
0.592137
0.591971
0.591677
0.591928
0.591431
0.591115
0.591073
0.591540
0.591697
0.591392
0.591468
0.591784
0.590972
0.592001
0.592138
0.591649
0.591752
0.591939
0.592018
0.592013
0.591902
0.591960
0.591645
0.591571
0.590840
0.590883
0.591108
0.591774
0.591037
0.590950
0.590559
0.590923
0.590883
0.591308
0.591031
0.591025
0.590773
0.591517
0.592129
0.592145
0.592556
0.592640
0.592460
0.592671
0.592399
0.592213
0.592916
0.592155
0.591669
0.591723
0.591438
0.591610
0.592172
0.591814
0.591861
0.592434
0.592343
0.591963
0.591819
0.592476
0.592006
0.592438
0.592071
0.592942
0.592857
0.592822
0.592685
0.592360
0.592948
0.592757
0.591723
0.592133
0.593351
0.592871
0.592339
0.592573
0.592015
0.591849
0.591836
0.591071
0.592062
0.592916
0.593654
0.593808
0.593706
0.593417
0.593665
0.593206
0.593992
0.594083
0.594422
0.594803
0.594916
0.595174
0.595446
0.595435
0.595764
0.595570
0.595264
0.595526
0.595926
0.595631
0.595754
0.596553
0.596868
0.596430
0.596361
0.596098
